9.99281E-05 9.99281E-05 9.99281E-05 9.99281E-05 0.863081 0.136119 9.99281E-05 9.99281E-05 9.99281E-05 9.99281E-05
9.99369E-05 9.99369E-05 0.47473 9.99369E-05 9.99369E-05 9.99369E-05 0.493408 0.0311618 9.99369E-05 9.99369E-05
9.99375E-05 9.99375E-05 0.338841 9.99375E-05 9.99375E-05 9.99375E-05 9.99375E-05 9.99375E-05 0.359751 0.300708
0.722457 0.199093 9.99463E-05 9.99463E-05 0.0335468 9.99463E-05 9.99463E-05 0.0443039 9.99463E-05 9.99463E-05
9.99279E-05 9.99279E-05 0.84125 9.99279E-05 9.99279E-05 9.99279E-05 9.99279E-05 9.99279E-05 9.99279E-05 0.15795
0.0219716 9.99371E-05 9.99371E-05 9.99371E-05 0.0185555 0.958773 9.99371E-05 9.99371E-05 9.99371E-05 9.99371E-05
9.99369E-05 9.99369E-05 0.364813 9.99369E-05 9.99369E-05 9.99369E-05 0.577912 0.0565752 9.99369E-05 9.99369E-05
0.0534546 0.0227157 9.99549E-05 9.99549E-05 9.99549E-05 0.0254726 9.99549E-05 9.99549E-05 0.730297 0.167561
0.000819912 9.99373E-05 9.99373E-05 9.99373E-05 0.132254 9.99373E-05 0.866226 9.99373E-05 9.99373E-05 9.99373E-05
0.192541 0.204233 9.9955E-05 9.9955E-05 9.9955E-05 9.9955E-05 0.0364533 9.9955E-05 0.377589 0.188684
9.99458E-05 9.99458E-05 9.99458E-05 9.99458E-05 0.00456198 0.0393239 0.93539 0.0201245 9.99458E-05 9.99458E-05
9.99729E-05 0.0140542 0.0147903 0.531802 0.149728 0.0950836 9.99729E-05 0.185769 0.00847239 9.99729E-05
0.0685267 0.187951 9.9991E-05 0.010268 0.558683 0.119727 0.00278357 0.00401946 0.00610903 0.0418329
9.999E-05 0.0154523 0.0553285 0.622947 0.02558 0.0821335 0.0791613 0.0554234 0.0372377 0.0266359
0.0208149 0.882763 9.99461E-05 9.99461E-05 9.99461E-05 9.99461E-05 9.99461E-05 0.0427984 9.99461E-05 0.0530243
9.99461E-05 9.99461E-05 0.00762534 0.725021 0.0652041 9.99461E-05 9.99461E-05 0.20155 9.99461E-05 9.99461E-05
9.9964E-05 0.0275828 9.9964E-05 0.63817 0.00973527 0.155782 0.133873 9.9964E-05 0.0344573 9.9964E-05
9.99277E-05 9.99277E-05 9.99277E-05 9.99277E-05 9.99277E-05 0.0325309 0.96667 9.99277E-05 9.99277E-05 9.99277E-05
9.9955E-05 0.0137062 0.340194 9.9955E-05 0.00785482 9.9955E-05 0.634898 0.00284819 9.9955E-05 9.9955E-05
9.9928E-05 0.00397041 0.99523 9.9928E-05 9.9928E-05 9.9928E-05 9.9928E-05 9.9928E-05 9.9928E-05 9.9928E-05
9.99373E-05 9.99373E-05 9.99373E-05 0.489108 9.99373E-05 9.99373E-05 0.299503 0.21069 9.99373E-05 9.99373E-05
9.99201E-05 9.99201E-05 9.99201E-05 9.99201E-05 0.999101 9.99201E-05 9.99201E-05 9.99201E-05 9.99201E-05 9.99201E-05
0.107941 0.352754 9.9955E-05 9.9955E-05 9.9955E-05 9.9955E-05 0.0199497 0.00474131 9.9955E-05 0.514114
0.20296 9.99731E-05 0.244258 0.0240951 0.13128 0.0328027 0.145964 9.99731E-05 0.218341 9.99731E-05
0.77392 0.22528 9.99281E-05 9.99281E-05 9.99281E-05 9.99281E-05 9.99281E-05 9.99281E-05 9.99281E-05 9.99281E-05
9.99462E-05 9.99462E-05 9.99462E-05 0.0908692 0.104141 9.99462E-05 0.785766 9.99462E-05 9.99462E-05 0.0186246
0.157988 0.391008 9.9946E-05 9.9946E-05 0.447015 9.9946E-05 9.9946E-05 0.00339011 9.9946E-05 9.9946E-05
9.99201E-05 9.99201E-05 9.99201E-05 0.999101 9.99201E-05 9.99201E-05 9.99201E-05 9.99201E-05 9.99201E-05 9.99201E-05
9.99201E-05 9.99201E-05 9.99201E-05 9.99201E-05 0.999101 9.99201E-05 9.99201E-05 9.99201E-05 9.99201E-05 9.99201E-05
9.99548E-05 9.99548E-05 0.0958797 9.99548E-05 9.99548E-05 0.0147071 0.713835 0.156357 0.0187208 9.99548E-05
9.99463E-05 0.900871 9.99463E-05 0.0428253 9.99463E-05 9.99463E-05 9.99463E-05 9.99463E-05 0.00582047 0.0498833
9.99279E-05 9.99279E-05 9.99279E-05 9.99279E-05 9.99279E-05 0.982248 9.99279E-05 0.0169529 9.99279E-05 9.99279E-05
9.99547E-05 9.99547E-05 0.0752311 9.99547E-05 0.0148282 9.99547E-05 0.715825 0.155665 0.0379514 9.99547E-05
0.192965 0.0232926 9.99462E-05 9.99462E-05 9.99462E-05 0.767234 9.99462E-05 9.99462E-05 0.015909 9.99462E-05
9.99369E-05 9.99369E-05 0.468871 9.99369E-05 9.99369E-05 9.99369E-05 0.434261 0.0961686 9.99369E-05 9.99369E-05
9.99372E-05 0.00173408 0.0522571 9.99372E-05 9.99372E-05 9.99372E-05 9.99372E-05 9.99372E-05 9.99372E-05 0.945309
0.131212 9.9964E-05 0.0878813 9.9964E-05 0.0897734 0.144953 0.35137 9.9964E-05 0.194411 9.9964E-05
0.140016 0.270482 0.0285047 9.9955E-05 0.556602 0.00389485 9.9955E-05 9.9955E-05 9.9955E-05 9.9955E-05
0.00412348 9.99463E-05 9.99463E-05 0.195821 9.99463E-05 9.99463E-05 0.024481 0.774975 9.99463E-05 9.99463E-05
9.99549E-05 9.99549E-05 0.0147301 0.530879 0.135845 0.0063896 9.99549E-05 0.311656 9.99549E-05 9.99549E-05
9.9955E-05 9.9955E-05 9.9955E-05 9.9955E-05 0.70817 0.167847 9.9955E-05 0.0393298 0.00828053 0.0758726
0.704873 0.280789 9.99371E-05 9.99371E-05 9.99371E-05 9.99371E-05 9.99371E-05 9.99371E-05 9.99371E-05 0.0136384
9.99553E-05 9.99553E-05 0.225239 0.0175302 0.0214478 9.99553E-05 0.655873 9.99553E-05 0.0794106 9.99553E-05
0.197662 0.523903 9.99369E-05 9.99369E-05 0.277736 9.99369E-05 9.99369E-05 9.99369E-05 9.99369E-05 9.99369E-05
9.9937E-05 9.9937E-05 9.9937E-05 0.0755428 0.210751 0.713007 9.9937E-05 9.9937E-05 9.9937E-05 9.9937E-05
9.9946E-05 9.9946E-05 9.9946E-05 0.0320701 0.25721 0.684838 9.9946E-05 0.0252826 9.9946E-05 9.9946E-05
9.99459E-05 9.99459E-05 0.90293 9.99459E-05 9.99459E-05 0.0591948 9.99459E-05 0.0033045 0.0339715 9.99459E-05
9.99283E-05 9.99283E-05 0.0253404 9.99283E-05 9.99283E-05 9.99283E-05 0.97386 9.99283E-05 9.99283E-05 9.99283E-05
9.99369E-05 9.99369E-05 0.350409 9.99369E-05 9.99369E-05 9.99369E-05 0.597874 0.0510177 9.99369E-05 9.99369E-05
9.99201E-05 9.99201E-05 9.99201E-05 9.99201E-05 0.999101 9.99201E-05 9.99201E-05 9.99201E-05 9.99201E-05 9.99201E-05
0.329436 0.0739279 9.99462E-05 9.99462E-05 0.417273 0.178763 9.99462E-05 9.99462E-05 9.99462E-05 9.99462E-05
9.9982E-05 0.00609604 0.0494574 0.611142 0.0036794 0.138012 0.104483 9.9982E-05 0.022391 0.0645391
9.99372E-05 9.99372E-05 9.99372E-05 0.570812 0.0016889 9.99372E-05 9.99372E-05 0.4268 9.99372E-05 9.99372E-05
9.99369E-05 0.369319 9.99369E-05 9.99369E-05 0.0223443 9.99369E-05 9.99369E-05 9.99369E-05 9.99369E-05 0.607638
0.0627779 0.0397462 9.99549E-05 9.99549E-05 9.99549E-05 0.0515563 9.99549E-05 9.99549E-05 0.751428 0.0939918
0.180136 0.164541 9.9964E-05 9.9964E-05 9.9964E-05 0.0188352 0.0306103 9.9964E-05 0.384124 0.221354
9.99464E-05 9.99464E-05 0.0919882 9.99464E-05 9.99464E-05 9.99464E-05 0.0503508 9.99464E-05 0.370604 0.486457
9.99201E-05 0.999101 9.99201E-05 9.99201E-05 9.99201E-05 9.99201E-05 9.99201E-05 9.99201E-05 9.99201E-05 9.99201E-05
0.603283 9.9991E-05 0.0181391 0.0650564 0.152789 0.0282398 0.00713136 0.0566722 0.0478942 0.0206951
9.99279E-05 9.99279E-05 0.992353 9.99279E-05 9.99279E-05 9.99279E-05 0.00684758 9.99279E-05 9.99279E-05 9.99279E-05
0.193625 0.0450093 9.99462E-05 9.99462E-05 9.99462E-05 0.725155 0.035611 9.99462E-05 9.99462E-05 9.99462E-05
0.132654 0.0899897 9.99552E-05 9.99552E-05 0.022875 0.738364 9.99552E-05 9.99552E-05 0.0156172 9.99552E-05
0.0230695 0.129133 9.9964E-05 0.0198408 0.724613 0.0763982 9.9964E-05 0.0265465 9.9964E-05 9.9964E-05
0.105881 0.0457479 9.9964E-05 9.9964E-05 0.367237 0.373629 9.9964E-05 0.0317362 9.9964E-05 0.0753693
0.915892 9.99369E-05 9.99369E-05 9.99369E-05 0.05812 9.99369E-05 0.025288 9.99369E-05 9.99369E-05 9.99369E-05
9.99371E-05 0.931736 9.99371E-05 9.99371E-05 9.99371E-05 9.99371E-05 9.99371E-05 0.0369755 9.99371E-05 0.0305891
0.844161 9.99367E-05 9.99367E-05 9.99367E-05 0.11648 9.99367E-05 0.0386594 9.99367E-05 9.99367E-05 9.99367E-05
9.99201E-05 9.99201E-05 9.99201E-05 9.99201E-05 0.999101 9.99201E-05 9.99201E-05 9.99201E-05 9.99201E-05 9.99201E-05
9.99369E-05 9.99369E-05 9.99369E-05 0.827555 9.99369E-05 9.99369E-05 9.99369E-05 0.134874 9.99369E-05 0.036872
0.218731 0.203747 9.99461E-05 9.99461E-05 0.544847 0.0320758 9.99461E-05 9.99461E-05 9.99461E-05 9.99461E-05
9.99459E-05 9.99459E-05 0.387336 9.99459E-05 9.99459E-05 0.0398279 9.99459E-05 9.99459E-05 0.0675883 0.504648
9.99281E-05 9.99281E-05 9.99281E-05 9.99281E-05 0.443339 0.555861 9.99281E-05 9.99281E-05 9.99281E-05 9.99281E-05
0.0453735 0.122899 9.99551E-05 9.99551E-05 0.781679 0.0216292 9.99551E-05 0.0279194 9.99551E-05 9.99551E-05
9.99371E-05 0.93093 9.99371E-05 9.99371E-05 9.99371E-05 9.99371E-05 9.99371E-05 9.99371E-05 0.0366164 0.0317545
9.99459E-05 9.99459E-05 0.941371 9.99459E-05 9.99459E-05 0.0341342 9.99459E-05 0.00830927 0.0155856 9.99459E-05
9.9973E-05 0.0197208 0.571694 0.0355864 0.0132183 9.9973E-05 0.318819 0.0360545 9.9973E-05 0.00460756
9.99368E-05 0.368755 9.99368E-05 9.99368E-05 0.0279721 9.99368E-05 9.99368E-05 9.99368E-05 9.99368E-05 0.602573
9.99371E-05 9.99371E-05 9.99371E-05 0.364413 0.0219945 9.99371E-05 9.99371E-05 0.612893 9.99371E-05 9.99371E-05
9.99572E-05 0.00363536 9.99572E-05 0.650779 0.045555 9.99572E-05 0.29279 9.99572E-05 9.99572E-05 0.00674159
9.99201E-05 0.999101 9.99201E-05 9.99201E-05 9.99201E-05 9.99201E-05 9.99201E-05 9.99201E-05 9.99201E-05 9.99201E-05
9.99464E-05 0.00321279 0.274894 9.99464E-05 9.99464E-05 9.99464E-05 0.607426 9.99464E-05 0.113868 9.99464E-05
0.10528 0.0128539 0.0819697 9.9973E-05 0.116398 0.0867916 0.373148 9.9973E-05 0.223259 9.9973E-05
9.9955E-05 9.9955E-05 9.9955E-05 0.0674479 0.0757031 9.9955E-05 0.142637 0.704004 0.00970786 9.9955E-05
0.168854 0.50537 0.0188827 9.99459E-05 0.306294 9.99459E-05 9.99459E-05 9.99459E-05 9.99459E-05 9.99459E-05
0.729955 0.269246 9.99281E-05 9.99281E-05 9.99281E-05 9.99281E-05 9.99281E-05 9.99281E-05 9.99281E-05 9.99281E-05
0.0309589 9.99641E-05 9.99641E-05 0.390053 9.99641E-05 9.99641E-05 0.0263486 0.526728 0.0233979 0.00211396
9.99201E-05 9.99201E-05 9.99201E-05 9.99201E-05 0.999101 9.99201E-05 9.99201E-05 9.99201E-05 9.99201E-05 9.99201E-05
0.135557 0.741793 9.9946E-05 9.9946E-05 0.104389 9.9946E-05 9.9946E-05 9.9946E-05 0.0176614 9.9946E-05
0.721346 0.216986 9.9937E-05 9.9937E-05 9.9937E-05 9.9937E-05 9.9937E-05 9.9937E-05 0.0609682 9.9937E-05
0.696726 0.171532 9.99461E-05 9.99461E-05 9.99461E-05 9.99461E-05 9.99461E-05 9.99461E-05 0.104785 0.0263575
9.99201E-05 9.99201E-05 9.99201E-05 9.99201E-05 0.999101 9.99201E-05 9.99201E-05 9.99201E-05 9.99201E-05 9.99201E-05
9.99281E-05 0.0294297 9.99281E-05 9.99281E-05 9.99281E-05 9.99281E-05 9.99281E-05 9.99281E-05 9.99281E-05 0.969771
9.99201E-05 9.99201E-05 0.999101 9.99201E-05 9.99201E-05 9.99201E-05 9.99201E-05 9.99201E-05 9.99201E-05 9.99201E-05
9.99201E-05 0.999101 9.99201E-05 9.99201E-05 9.99201E-05 9.99201E-05 9.99201E-05 9.99201E-05 9.99201E-05 9.99201E-05
9.99369E-05 9.99369E-05 9.99369E-05 0.928664 0.0166142 0.0540226 9.99369E-05 9.99369E-05 9.99369E-05 9.99369E-05
0.187707 9.9973E-05 0.206567 0.044959 0.113937 0.0222156 0.148015 9.9973E-05 0.276299 9.9973E-05
0.692226 9.99731E-05 0.0327127 0.0013028 0.149927 0.0626558 9.99731E-05 0.0249372 9.99731E-05 0.0359378
9.9928E-05 9.9928E-05 0.827025 9.9928E-05 9.9928E-05 9.9928E-05 9.9928E-05 9.9928E-05 9.9928E-05 0.172176
9.99283E-05 9.99283E-05 9.99283E-05 9.99283E-05 9.99283E-05 9.99283E-05 0.0891064 0.910094 9.99283E-05 9.99283E-05
0.00237514 0.94869 9.99462E-05 9.99462E-05 0.00357622 9.99462E-05 9.99462E-05 0.0447588 9.99462E-05 9.99462E-05
9.99548E-05 9.99548E-05 0.0779131 9.99548E-05 0.00620288 9.99548E-05 0.714644 0.169799 0.0309411 9.99548E-05
9.99201E-05 9.99201E-05 9.99201E-05 0.999101 9.99201E-05 9.99201E-05 9.99201E-05 9.99201E-05 9.99201E-05 9.99201E-05
9.99201E-05 9.99201E-05 9.99201E-05 9.99201E-05 9.99201E-05 9.99201E-05 9.99201E-05 9.99201E-05 0.999101 9.99201E-05
0.200203 0.0855662 9.99551E-05 0.0490293 0.629118 0.0355833 9.99551E-05 9.99551E-05 9.99551E-05 9.99551E-05
0.162104 0.724803 9.9937E-05 9.9937E-05 0.112394 9.9937E-05 9.9937E-05 9.9937E-05 9.9937E-05 9.9937E-05
9.99371E-05 9.99371E-05 0.167233 9.99371E-05 9.99371E-05 9.99371E-05 9.99371E-05 9.99371E-05 0.0250872 0.806981
9.99201E-05 9.99201E-05 9.99201E-05 9.99201E-05 9.99201E-05 9.99201E-05 9.99201E-05 0.999101 9.99201E-05 9.99201E-05
0.00265075 0.0306377 0.0338132 9.99732E-05 0.0329277 9.99732E-05 9.99732E-05 0.000960596 0.48687 0.41184
9.99281E-05 9.99281E-05 9.99281E-05 9.99281E-05 0.878369 0.120832 9.99281E-05 9.99281E-05 9.99281E-05 9.99281E-05
9.9982E-05 9.9982E-05 0.0100712 0.127635 0.0303552 0.605315 0.0338613 0.0439951 0.127598 0.0209694
9.99374E-05 9.99374E-05 9.99374E-05 0.0658272 9.99374E-05 0.917633 0.0158405 9.99374E-05 9.99374E-05 9.99374E-05
0.0317816 9.99282E-05 9.99282E-05 9.99282E-05 9.99282E-05 0.967419 9.99282E-05 9.99282E-05 9.99282E-05 9.99282E-05
9.99201E-05 9.99201E-05 0.999101 9.99201E-05 9.99201E-05 9.99201E-05 9.99201E-05 9.99201E-05 9.99201E-05 9.99201E-05
9.99201E-05 9.99201E-05 9.99201E-05 9.99201E-05 9.99201E-05 9.99201E-05 9.99201E-05 9.99201E-05 0.999101 9.99201E-05
0.865931 9.99548E-05 0.00346322 9.99548E-05 0.0426145 0.061888 9.99548E-05 9.99548E-05 0.0256039 9.99548E-05
9.99371E-05 9.99371E-05 9.99371E-05 0.00126829 9.99371E-05 0.977755 9.99371E-05 0.0202771 9.99371E-05 9.99371E-05
9.99285E-05 9.99285E-05 9.99285E-05 0.0425487 9.99285E-05 9.99285E-05 0.956652 9.99285E-05 9.99285E-05 9.99285E-05
9.99375E-05 9.99375E-05 0.328425 9.99375E-05 9.99375E-05 9.99375E-05 9.99375E-05 9.99375E-05 0.330951 0.339924
9.99369E-05 0.352379 9.99369E-05 9.99369E-05 0.0174714 9.99369E-05 9.99369E-05 9.99369E-05 9.99369E-05 0.62945
0.0220286 0.878219 9.99551E-05 0.0362723 9.99551E-05 9.99551E-05 9.99551E-05 0.0286886 9.99551E-05 0.0342916
9.9928E-05 9.9928E-05 0.997549 9.9928E-05 9.9928E-05 9.9928E-05 0.001652 9.9928E-05 9.9928E-05 9.9928E-05
9.99551E-05 9.99551E-05 9.99551E-05 0.0200694 0.781395 0.128262 9.99551E-05 0.00376738 9.99551E-05 0.0660071
9.99201E-05 9.99201E-05 9.99201E-05 9.99201E-05 9.99201E-05 9.99201E-05 9.99201E-05 0.999101 9.99201E-05 9.99201E-05
0.0813959 0.0305718 0.106538 9.9973E-05 0.103605 0.0928125 0.377596 9.9973E-05 0.207181 9.9973E-05
9.99459E-05 9.99459E-05 9.99459E-05 0.159639 9.99459E-05 0.0195845 0.688125 0.132052 9.99459E-05 9.99459E-05
9.99201E-05 9.99201E-05 9.99201E-05 9.99201E-05 9.99201E-05 9.99201E-05 0.999101 9.99201E-05 9.99201E-05 9.99201E-05
0.165911 9.99554E-05 9.99554E-05 0.474651 9.99554E-05 0.124548 0.213402 9.99554E-05 0.0209881 9.99554E-05
0.538448 9.99729E-05 0.0458608 9.99729E-05 0.0798734 0.0566461 9.99729E-05 0.0718417 0.17993 0.0271003
9.9946E-05 9.9946E-05 0.148038 0.00577673 9.9946E-05 9.9946E-05 9.9946E-05 9.9946E-05 0.00639762 0.839188
9.99281E-05 9.99281E-05 0.0856038 9.99281E-05 9.99281E-05 9.99281E-05 0.913597 9.99281E-05 9.99281E-05 9.99281E-05
9.9955E-05 9.9955E-05 9.9955E-05 9.9955E-05 0.01605 0.00924354 0.2369 0.721111 0.0161963 9.9955E-05
9.99201E-05 9.99201E-05 9.99201E-05 9.99201E-05 9.99201E-05 9.99201E-05 9.99201E-05 9.99201E-05 0.999101 9.99201E-05
9.99642E-05 9.99642E-05 0.763366 0.0195563 0.049692 9.99642E-05 0.0513451 0.0152825 0.100359 9.99642E-05
9.99369E-05 9.99369E-05 0.00652002 9.99369E-05 9.99369E-05 0.961584 9.99369E-05 0.0311962 9.99369E-05 9.99369E-05
9.9928E-05 9.9928E-05 9.9928E-05 9.9928E-05 0.426182 0.573019 9.9928E-05 9.9928E-05 9.9928E-05 9.9928E-05
9.99371E-05 9.99371E-05 9.99371E-05 0.0533331 0.216754 0.729214 9.99371E-05 9.99371E-05 9.99371E-05 9.99371E-05
0.037893 9.99639E-05 0.00991027 0.0170166 9.99639E-05 9.99639E-05 0.693098 0.23554 9.99639E-05 0.00614278
9.9928E-05 9.9928E-05 9.9928E-05 9.9928E-05 9.9928E-05 9.9928E-05 0.0420065 9.9928E-05 9.9928E-05 0.957194
9.99279E-05 9.99279E-05 9.99279E-05 9.99279E-05 0.0174171 9.99279E-05 0.981783 9.99279E-05 9.99279E-05 9.99279E-05
0.128558 0.217202 9.99549E-05 9.99549E-05 9.99549E-05 9.99549E-05 0.0342204 9.99549E-05 0.451198 0.168322
9.99373E-05 9.99373E-05 9.99373E-05 0.362271 9.99373E-05 9.99373E-05 0.3414 0.295629 9.99373E-05 9.99373E-05
9.9928E-05 9.9928E-05 9.9928E-05 0.927227 9.9928E-05 9.9928E-05 9.9928E-05 0.0719731 9.9928E-05 9.9928E-05
0.234769 0.187916 9.9946E-05 9.9946E-05 0.500023 0.0766934 9.9946E-05 9.9946E-05 9.9946E-05 9.9946E-05
0.0425023 9.9937E-05 9.9937E-05 9.9937E-05 0.0131913 0.943607 9.9937E-05 9.9937E-05 9.9937E-05 9.9937E-05
0.0541294 9.99371E-05 9.99371E-05 9.99371E-05 9.99371E-05 0.92963 9.99371E-05 9.99371E-05 9.99371E-05 0.0155408
9.9928E-05 9.9928E-05 9.9928E-05 9.9928E-05 0.418879 0.580321 9.9928E-05 9.9928E-05 9.9928E-05 9.9928E-05
9.99281E-05 9.99281E-05 9.99281E-05 0.864586 9.99281E-05 0.134615 9.99281E-05 9.99281E-05 9.99281E-05 9.99281E-05
9.99368E-05 9.99368E-05 9.99368E-05 0.862994 0.020948 0.115359 9.99368E-05 9.99368E-05 9.99368E-05 9.99368E-05
9.9928E-05 0.066499 9.9928E-05 9.9928E-05 9.9928E-05 9.9928E-05 9.9928E-05 9.9928E-05 9.9928E-05 0.932702
9.9955E-05 9.9955E-05 9.9955E-05 0.056389 0.133755 0.777373 9.9955E-05 0.0115785 0.020405 9.9955E-05
0.175276 0.449345 0.010676 9.99641E-05 9.99641E-05 9.99641E-05 0.041082 9.99641E-05 0.0550987 0.268122
0.0748595 9.9937E-05 9.9937E-05 9.9937E-05 0.00312783 0.921313 9.9937E-05 9.9937E-05 9.9937E-05 9.9937E-05
9.99201E-05 0.999101 9.99201E-05 9.99201E-05 9.99201E-05 9.99201E-05 9.99201E-05 9.99201E-05 9.99201E-05 9.99201E-05
0.0196098 9.99376E-05 9.99376E-05 0.339613 9.99376E-05 9.99376E-05 0.640078 9.99376E-05 9.99376E-05 9.99376E-05
0.23008 0.167634 9.99461E-05 9.99461E-05 0.528453 0.0732337 9.99461E-05 9.99461E-05 9.99461E-05 9.99461E-05
9.99372E-05 0.212583 9.99372E-05 9.99372E-05 9.99372E-05 9.99372E-05 9.99372E-05 9.99372E-05 0.0776045 0.709113
9.99372E-05 9.99372E-05 9.99372E-05 0.774968 0.058992 9.99372E-05 9.99372E-05 0.16534 9.99372E-05 9.99372E-05
0.302992 0.16104 9.9955E-05 9.9955E-05 0.426959 0.0544398 9.9955E-05 9.9955E-05 0.0540702 9.9955E-05
0.0145721 9.99641E-05 0.773868 0.0708268 0.0358476 9.99641E-05 0.0200468 9.99641E-05 0.0844386 9.99641E-05
0.991762 9.99371E-05 9.99371E-05 0.00128282 9.99371E-05 9.99371E-05 0.00625584 9.99371E-05 9.99371E-05 9.99371E-05
9.99279E-05 9.99279E-05 9.99279E-05 9.99279E-05 9.99279E-05 0.989396 9.99279E-05 0.00980469 9.99279E-05 9.99279E-05
9.99281E-05 9.99281E-05 9.99281E-05 0.0149778 9.99281E-05 0.984223 9.99281E-05 9.99281E-05 9.99281E-05 9.99281E-05
9.99551E-05 0.0728803 9.99551E-05 9.99551E-05 0.754181 0.143579 0.0259342 0.00292556 9.99551E-05 9.99551E-05
0.91822 9.99285E-05 9.99285E-05 9.99285E-05 9.99285E-05 9.99285E-05 9.99285E-05 9.99285E-05 0.0809809 9.99285E-05
0.0125425 9.99374E-05 0.904188 9.99374E-05 9.99374E-05 9.99374E-05 9.99374E-05 9.99374E-05 9.99374E-05 0.08257
0.612695 9.99819E-05 0.0244402 0.0786795 0.175718 0.00464151 0.00938054 0.0355513 0.0586946 9.99819E-05
9.99462E-05 0.905821 9.99462E-05 0.032302 9.99462E-05 9.99462E-05 9.99462E-05 0.00552151 9.99462E-05 0.0557561
9.9928E-05 9.9928E-05 0.802191 9.9928E-05 9.9928E-05 9.9928E-05 9.9928E-05 9.9928E-05 9.9928E-05 0.197009
9.99201E-05 9.99201E-05 9.99201E-05 9.99201E-05 9.99201E-05 9.99201E-05 9.99201E-05 0.999101 9.99201E-05 9.99201E-05
9.99201E-05 9.99201E-05 9.99201E-05 9.99201E-05 9.99201E-05 9.99201E-05 9.99201E-05 9.99201E-05 0.999101 9.99201E-05
9.99201E-05 9.99201E-05 9.99201E-05 0.999101 9.99201E-05 9.99201E-05 9.99201E-05 9.99201E-05 9.99201E-05 9.99201E-05
9.99551E-05 9.99551E-05 0.525926 9.99551E-05 9.99551E-05 0.0346095 0.150601 9.99551E-05 0.273955 0.0144087
9.9928E-05 9.9928E-05 9.9928E-05 9.9928E-05 0.385108 0.614093 9.9928E-05 9.9928E-05 9.9928E-05 9.9928E-05
9.99731E-05 9.99731E-05 0.0471258 0.121284 0.100545 0.586014 0.0190305 0.00537576 0.120326 9.99731E-05
9.99201E-05 9.99201E-05 9.99201E-05 9.99201E-05 9.99201E-05 9.99201E-05 9.99201E-05 0.999101 9.99201E-05 9.99201E-05
9.99282E-05 9.99282E-05 9.99282E-05 0.0405992 9.99282E-05 9.99282E-05 9.99282E-05 0.958601 9.99282E-05 9.99282E-05
0.00208592 0.155311 9.9964E-05 9.9964E-05 0.771804 0.0488798 9.9964E-05 9.9964E-05 0.00728635 0.0142337
0.133182 0.0801787 9.9964E-05 9.9964E-05 0.346059 0.379247 9.9964E-05 0.0488406 9.9964E-05 0.0120919
9.99731E-05 9.99731E-05 0.811382 0.0355704 0.0511817 0.0129499 0.009308 0.0258918 0.0534165 9.99731E-05
9.99729E-05 0.0196278 0.0290433 0.536496 0.199399 0.0503727 9.99729E-05 0.159832 0.00493025 9.99729E-05
9.9928E-05 9.9928E-05 9.9928E-05 9.9928E-05 9.9928E-05 9.9928E-05 0.0288456 9.9928E-05 9.9928E-05 0.970355
9.99201E-05 9.99201E-05 9.99201E-05 9.99201E-05 0.999101 9.99201E-05 9.99201E-05 9.99201E-05 9.99201E-05 9.99201E-05
9.9982E-05 0.0325904 9.9982E-05 0.597127 0.0415167 0.0585593 0.21647 0.0420521 0.00531921 0.00616478
9.99371E-05 9.99371E-05 9.99371E-05 0.0387292 9.99371E-05 9.99371E-05 0.812176 0.148395 9.99371E-05 9.99371E-05
9.99376E-05 9.99376E-05 0.31355 9.99376E-05 9.99376E-05 9.99376E-05 0.604037 9.99376E-05 0.0817133 9.99376E-05
9.9928E-05 9.9928E-05 0.19931 9.9928E-05 9.9928E-05 9.9928E-05 9.9928E-05 9.9928E-05 9.9928E-05 0.799891
0.186158 0.0618069 9.99641E-05 9.99641E-05 0.0247219 0.702964 0.019901 9.99641E-05 0.00404786 9.99641E-05
9.9946E-05 9.9946E-05 0.0173423 9.9946E-05 0.0269568 0.0229438 9.9946E-05 0.932157 9.9946E-05 9.9946E-05
9.99201E-05 9.99201E-05 9.99201E-05 9.99201E-05 9.99201E-05 9.99201E-05 9.99201E-05 0.999101 9.99201E-05 9.99201E-05
9.99371E-05 9.99371E-05 9.99371E-05 0.0487512 0.222121 0.728428 9.99371E-05 9.99371E-05 9.99371E-05 9.99371E-05
9.99282E-05 9.99282E-05 0.20282 9.99282E-05 9.99282E-05 9.99282E-05 0.79638 9.99282E-05 9.99282E-05 9.99282E-05
0.0831927 0.00250704 9.99462E-05 0.429601 9.99462E-05 9.99462E-05 0.484099 9.99462E-05 9.99462E-05 9.99462E-05
0.0784036 0.0445464 9.99549E-05 9.99549E-05 9.99549E-05 0.00785938 9.99549E-05 9.99549E-05 0.755033 0.113658
0.204414 0.479064 9.99369E-05 9.99369E-05 0.315822 9.99369E-05 9.99369E-05 9.99369E-05 9.99369E-05 9.99369E-05
0.268987 0.477768 9.99369E-05 9.99369E-05 0.252545 9.99369E-05 9.99369E-05 9.99369E-05 9.99369E-05 9.99369E-05
0.103425 0.0284701 9.9982E-05 0.323485 0.00605415 0.0112224 0.47702 0.0419626 9.9982E-05 0.00816072
0.103578 0.025983 0.0676798 9.9973E-05 0.125297 0.119716 0.35797 9.9973E-05 0.199477 9.9973E-05
0.0211438 9.99281E-05 9.99281E-05 9.99281E-05 9.99281E-05 9.99281E-05 9.99281E-05 9.99281E-05 9.99281E-05 0.978057
9.99641E-05 9.99641E-05 0.508142 9.99641E-05 0.00673879 0.0414356 0.0821468 0.0643756 0.296761 9.99641E-05
9.99281E-05 9.99281E-05 9.99281E-05 9.99281E-05 9.99281E-05 0.0203898 9.99281E-05 9.99281E-05 9.99281E-05 0.978811
