0.0582986 0.941601 9.9991E-05
9.999E-05 9.999E-05 0.9998
0.497584 9.9991E-05 0.502316
0.700139 0.213352 0.0865088
0.27428 9.999E-05 0.72562
9.999E-05 0.9998 9.999E-05
0.0193312 9.9991E-05 0.980569
0.600257 0.0994502 0.300293
9.9991E-05 0.208212 0.791688
0.700829 0.077438 0.221733
9.9991E-05 0.0822432 0.917657
9.9991E-05 0.750962 0.248938
0.359471 0.640429 9.9991E-05
0.00219299 0.598829 0.398978
0.962985 0.0369153 9.9991E-05
9.9991E-05 0.734697 0.265203
9.9991E-05 0.64578 0.35412
9.9991E-05 0.121472 0.878428
0.0446743 9.9991E-05 0.955226
0.20886 9.9991E-05 0.79104
9.99911E-05 0.436694 0.563206
0.0653701 0.93453 9.9991E-05
0.831177 9.9991E-05 0.168723
0.304698 0.205054 0.490248
0.885608 0.0953179 0.019074
9.9991E-05 0.280743 0.719157
0.535151 0.464749 9.9991E-05
9.99911E-05 0.74258 0.25732
0.0983304 0.90157 9.9991E-05
9.9991E-05 0.133696 0.866204
0.95884 0.0410602 9.9991E-05
9.9991E-05 0.952499 0.0474008
9.99909E-05 0.112733 0.887167
0.162315 0.7822 0.0554845
9.999E-05 9.999E-05 0.9998
0.707373 9.9991E-05 0.292527
0.183853 0.301205 0.514941
0.444947 0.554953 9.9991E-05
9.9991E-05 0.480816 0.519084
9.9991E-05 0.695605 0.304295
0.155701 0.844199 9.9991E-05
0.834947 0.109171 0.0558817
0.0372021 0.0561551 0.906643
0.727625 0.272275 9.9991E-05
9.999E-05 0.9998 9.999E-05
9.9991E-05 0.996712 0.00318814
0.203023 9.9991E-05 0.796877
9.999E-05 9.999E-05 0.9998
0.0107497 0.00215532 0.987095
0.109293 0.890607 9.9991E-05
0.339131 0.660769 9.9991E-05
9.9991E-05 0.623665 0.376235
9.9991E-05 0.682269 0.317631
0.912831 9.9991E-05 0.0870693
0.58233 0.152945 0.264725
0.685295 0.043591 0.271114
0.520682 9.9991E-05 0.479218
0.9998 9.999E-05 9.999E-05
0.388788 0.406626 0.204586
0.182233 9.9991E-05 0.817667
0.162815 0.814671 0.0225133
0.19787 0.80203 9.9991E-05
0.251338 0.748562 9.9991E-05
0.239746 0.760154 9.9991E-05
0.504282 0.340075 0.155643
0.978198 0.0217018 9.9991E-05
0.49372 0.378008 0.128272
0.0942258 0.905674 9.9991E-05
9.9991E-05 0.663443 0.336457
0.419288 0.580612 9.9991E-05
0.454074 9.9991E-05 0.545826
9.999E-05 0.9998 9.999E-05
0.259477 0.740423 9.9991E-05
0.987395 0.012505 9.9991E-05
0.177911 9.9991E-05 0.821989
0.107897 9.9991E-05 0.892003
0.905767 9.9991E-05 0.0941328
9.9991E-05 0.629043 0.370857
9.9991E-05 0.549184 0.450716
0.9998 9.999E-05 9.999E-05
0.0709796 9.99911E-05 0.92892
0.225699 0.262344 0.511956
9.99909E-05 0.475159 0.524741
0.738205 0.261695 9.9991E-05
0.870612 0.115011 0.0143769
9.9991E-05 0.541296 0.458604
0.0790381 0.920862 9.9991E-05
0.890865 0.109035 9.9991E-05
0.76235 0.153374 0.0842757
0.747725 0.137697 0.114578
0.0832241 0.916676 9.9991E-05
0.81854 9.9991E-05 0.18136
0.183364 9.9991E-05 0.816536
0.9998 9.999E-05 9.999E-05
9.9991E-05 0.770786 0.229114
0.291791 0.2448 0.463409
0.467247 0.403758 0.128996
0.253831 9.9991E-05 0.746069
9.9991E-05 0.389657 0.610243
0.954126 0.0457738 9.9991E-05
9.99909E-05 0.1144 0.8855
9.99911E-05 0.775302 0.224598
0.503882 9.9991E-05 0.496018
0.298846 0.701054 9.9991E-05
0.874676 0.125224 9.9991E-05
0.607811 9.9991E-05 0.392089
9.9991E-05 0.470403 0.529497
0.634929 9.9991E-05 0.364971
0.0752763 0.924624 9.9991E-05
0.0414204 0.767586 0.190994
9.99911E-05 0.935944 0.0639564
9.999E-05 0.9998 9.999E-05
0.163421 9.9991E-05 0.836479
0.474701 0.0249299 0.500369
0.513619 0.388291 0.0980896
9.9991E-05 0.956437 0.0434631
9.99911E-05 0.136183 0.863718
0.477665 9.9991E-05 0.522235
0.926823 9.9991E-05 0.0730769
0.939575 0.0603254 9.9991E-05
0.167457 9.9991E-05 0.832443
0.138828 0.861072 9.9991E-05
9.9991E-05 0.417111 0.582789
0.188316 0.25816 0.553523
9.9991E-05 0.243118 0.756782
9.999E-05 9.999E-05 0.9998
9.99911E-05 0.547993 0.451907
0.474991 0.338901 0.186108
0.60684 9.9991E-05 0.39306
9.999E-05 9.999E-05 0.9998
9.9991E-05 0.357838 0.642062
0.481113 0.024866 0.494021
0.205991 9.9991E-05 0.793909
9.9991E-05 0.945657 0.0542428
9.999E-05 0.9998 9.999E-05
9.999E-05 0.9998 9.999E-05
9.9991E-05 0.159097 0.840803
0.639275 9.9991E-05 0.360625
9.9991E-05 0.0891465 0.910754
0.692634 0.069603 0.237763
9.9991E-05 0.408471 0.591429
9.99911E-05 0.702 0.2979
0.395284 0.604616 9.9991E-05
0.00986778 0.990032 9.9991E-05
0.0503027 0.944226 0.00547136
9.999E-05 0.9998 9.999E-05
9.9991E-05 0.806303 0.193597
9.9991E-05 0.804913 0.194987
0.818288 9.9991E-05 0.181612
9.999E-05 0.9998 9.999E-05
0.826144 9.9991E-05 0.173756
0.0395013 0.956956 0.00354242
0.9998 9.999E-05 9.999E-05
9.99911E-05 0.276139 0.723761
0.396885 0.603015 9.9991E-05
0.841418 9.9991E-05 0.158482
9.9991E-05 0.802444 0.197456
0.491732 0.508168 9.9991E-05
0.217964 9.9991E-05 0.781936
0.507258 0.355532 0.13721
9.9991E-05 0.961306 0.0385941
9.9991E-05 0.946616 0.0532841
0.165726 0.834174 9.9991E-05
0.698073 0.210764 0.0911631
0.258904 9.9991E-05 0.740996
0.391456 0.430036 0.178508
0.965904 0.0339957 9.9991E-05
0.289633 9.9991E-05 0.710267
9.9991E-05 0.487602 0.512298
0.510984 9.9991E-05 0.488916
9.99911E-05 0.755535 0.244365
0.216044 9.9991E-05 0.783856
9.999E-05 0.9998 9.999E-05
0.0470908 0.769321 0.183588
9.9991E-05 0.462665 0.537235
9.9991E-05 0.470865 0.529035
0.248361 0.751539 9.9991E-05
0.224671 0.775229 9.9991E-05
0.194001 9.9991E-05 0.805899
9.9991E-05 0.784024 0.215876
0.644041 9.9991E-05 0.355859
0.0877149 0.912185 9.9991E-05
9.9991E-05 0.558289 0.441611
9.9991E-05 0.148344 0.851556
0.0571594 9.99911E-05 0.942741
0.609095 9.9991E-05 0.390805
0.218933 0.741007 0.0400604
9.9991E-05 0.454829 0.545071
9.9991E-05 0.451345 0.548555
9.999E-05 0.9998 9.999E-05
9.999E-05 9.999E-05 0.9998
9.99911E-05 0.391893 0.608007
0.594991 0.109893 0.295115
0.719367 0.280533 9.9991E-05
0.728429 0.271472 9.9991E-05
0.00215264 0.40554 0.592307
0.210189 0.307783 0.482028
0.773875 9.9991E-05 0.226025
0.226025 0.0195993 0.754376
0.672481 9.9991E-05 0.327419
