9.997E-05 9.997E-05 9.997E-05 0.9996 9.997E-05
9.9973E-05 0.286698 9.9973E-05 9.9973E-05 0.713002
0.168408 0.80432 9.99821E-05 0.0270723 9.99821E-05
0.735976 9.99822E-05 9.99822E-05 0.128534 0.135289
9.9973E-05 0.943561 9.9973E-05 9.9973E-05 0.0561395
9.9982E-05 9.9982E-05 0.206979 0.792029 0.000791557
9.99729E-05 0.237532 9.99729E-05 9.99729E-05 0.762168
0.502799 0.343087 0.0378066 0.0579243 0.0583835
9.99821E-05 0.00661243 9.99821E-05 0.140658 0.85253
0.628363 0.171723 9.9991E-05 0.0581094 0.141704
9.99729E-05 9.99729E-05 9.99729E-05 0.0513545 0.948346
9.99819E-05 0.0596939 0.697842 0.242264 9.99819E-05
0.27836 9.9991E-05 0.00182487 0.704701 0.0150147
0.0473275 0.09735 0.719547 0.124547 0.011228
0.971743 9.9973E-05 0.0279576 9.9973E-05 9.9973E-05
9.99821E-05 0.0152321 0.905056 0.0795116 9.99821E-05
0.0322495 0.0658328 0.687084 0.154783 0.0600507
9.99729E-05 9.99729E-05 9.99729E-05 0.0320601 0.96764
9.9973E-05 0.254678 9.9973E-05 9.9973E-05 0.745022
9.9973E-05 0.889354 9.9973E-05 9.9973E-05 0.110346
9.99731E-05 9.99731E-05 0.680044 9.99731E-05 0.319656
9.997E-05 9.997E-05 9.997E-05 0.9996 9.997E-05
0.779419 0.14348 0.00839958 9.9991E-05 0.0686018
0.0936136 0.4425 9.9991E-05 0.295135 0.168651
0.940312 9.99733E-05 0.0593877 9.99733E-05 9.99733E-05
9.99821E-05 9.99821E-05 0.118369 0.137372 0.744059
0.496642 9.9973E-05 9.9973E-05 0.503058 9.9973E-05
9.997E-05 9.997E-05 0.9996 9.997E-05 9.997E-05
9.997E-05 9.997E-05 9.997E-05 0.9996 9.997E-05
9.9991E-05 0.000112324 0.0262528 0.0513729 0.922162
0.977447 0.000942829 0.0214103 9.99821E-05 9.99821E-05
9.9982E-05 0.00288051 0.305599 0.691321 9.9982E-05
9.9991E-05 0.0287429 0.0134815 0.0739839 0.883692
0.120113 9.9991E-05 0.0534975 0.724538 0.101752
9.99729E-05 0.331858 9.99729E-05 9.99729E-05 0.667842
0.432842 0.566858 9.9973E-05 9.9973E-05 9.9973E-05
0.0393904 0.288583 0.0151485 0.3096 0.347278
0.391664 9.9973E-05 9.9973E-05 0.608036 9.9973E-05
9.9973E-05 9.9973E-05 0.737539 9.9973E-05 0.262161
9.9982E-05 0.0517026 0.783779 0.164318 9.9982E-05
0.0617821 9.9982E-05 0.0403305 0.897687 9.9982E-05
0.862977 9.99821E-05 0.0692083 9.99821E-05 0.0676149
9.99821E-05 0.286441 9.99821E-05 0.0424647 0.670894
0.69499 9.99729E-05 9.99729E-05 0.30471 9.99729E-05
9.9973E-05 9.9973E-05 0.215039 0.784661 9.9973E-05
9.9982E-05 0.00680231 0.194532 0.798466 9.9982E-05
9.9982E-05 0.856716 9.9982E-05 0.0210952 0.121989
9.997E-05 9.997E-05 9.997E-05 9.997E-05 0.9996
9.9973E-05 0.214789 9.9973E-05 9.9973E-05 0.784911
9.997E-05 9.997E-05 9.997E-05 0.9996 9.997E-05
0.28888 9.99821E-05 9.99821E-05 0.690581 0.0203395
0.0135105 0.115154 0.697888 0.134172 0.0392751
9.99731E-05 9.99731E-05 0.993738 0.0059617 9.99731E-05
0.718894 0.280806 9.99729E-05 9.99729E-05 9.99729E-05
0.469736 0.323608 0.0804381 0.108659 0.017559
0.599911 0.208631 0.00467585 0.0514087 0.135373
0.281339 0.695276 0.0231845 9.99821E-05 9.99821E-05
0.9996 9.997E-05 9.997E-05 9.997E-05 9.997E-05
0.325931 0.131156 0.0926247 0.341214 0.109074
9.99729E-05 0.828312 9.99729E-05 9.99729E-05 0.171388
0.0694659 9.99911E-05 0.0743313 0.727106 0.128996
0.120335 9.9991E-05 0.0988979 0.732825 0.0478421
0.204633 9.9982E-05 0.000124852 0.795042 9.9982E-05
0.159387 0.00344082 0.0851021 0.74558 0.00648935
0.496801 0.000636693 9.9991E-05 0.295358 0.207105
0.987089 9.9973E-05 0.0126114 9.9973E-05 9.9973E-05
0.47399 9.9982E-05 9.9982E-05 0.335505 0.190306
9.997E-05 9.997E-05 9.997E-05 0.9996 9.997E-05
0.00494011 9.9982E-05 0.968449 0.0264111 9.9982E-05
0.358418 9.99731E-05 9.99731E-05 0.641282 9.99731E-05
0.171724 0.804023 0.0240534 9.9982E-05 9.9982E-05
9.9973E-05 9.9973E-05 0.00745863 0.992241 9.9973E-05
0.180035 9.99729E-05 9.99729E-05 0.819665 9.99729E-05
0.99166 9.9973E-05 9.9973E-05 9.9973E-05 0.0080404
9.99729E-05 0.814138 9.99729E-05 9.99729E-05 0.185562
9.9991E-05 0.482795 0.034095 0.00197984 0.48103
0.703796 0.295904 9.99729E-05 9.99729E-05 9.99729E-05
9.9982E-05 9.9982E-05 0.886169 0.0360772 0.0775539
9.9991E-05 0.0519302 0.67832 0.073609 0.196041
0.9996 9.997E-05 9.997E-05 9.997E-05 9.997E-05
9.99822E-05 0.364048 9.99822E-05 0.00287454 0.632877
0.0974713 0.263982 9.9991E-05 0.282085 0.356361
9.99819E-05 9.99819E-05 0.583496 0.0624373 0.353866
0.692252 9.99729E-05 9.99729E-05 0.307448 9.99729E-05
0.893847 9.99821E-05 0.0928639 9.99821E-05 0.0130886
0.0175313 9.9982E-05 0.830136 9.9982E-05 0.152133
9.997E-05 9.997E-05 9.997E-05 0.9996 9.997E-05
0.903796 9.9973E-05 9.9973E-05 0.0959037 9.9973E-05
0.815427 9.99821E-05 0.0856191 9.99821E-05 0.0987536
0.760586 0.0777512 0.101554 9.9991E-05 0.0600087
9.997E-05 9.997E-05 9.997E-05 0.9996 9.997E-05
0.629068 0.370632 9.9973E-05 9.9973E-05 9.9973E-05
9.99729E-05 0.87356 9.99729E-05 9.99729E-05 0.12614
0.9996 9.997E-05 9.997E-05 9.997E-05 9.997E-05
9.9982E-05 0.00112432 0.867163 0.131513 9.9982E-05
0.0880604 0.452175 9.9991E-05 0.276411 0.183253
0.363618 0.113548 0.0220686 0.398163 0.102601
9.997E-05 0.9996 9.997E-05 9.997E-05 9.997E-05
9.9973E-05 9.9973E-05 0.5708 9.9973E-05 0.428901
0.9996 9.997E-05 9.997E-05 9.997E-05 9.997E-05
9.99819E-05 9.99819E-05 0.0243109 0.0462908 0.929198
9.997E-05 9.997E-05 0.9996 9.997E-05 9.997E-05
0.275941 0.577273 0.033579 0.0852774 0.0279301
0.23411 9.99731E-05 9.99731E-05 0.76559 9.99731E-05
0.90013 9.9973E-05 9.9973E-05 0.0995703 9.9973E-05
0.288027 0.711673 9.9973E-05 9.9973E-05 9.9973E-05
9.99729E-05 9.99729E-05 0.727587 9.99729E-05 0.272113
0.42966 0.511585 0.00629231 0.0523635 9.9991E-05
9.997E-05 9.997E-05 9.997E-05 0.9996 9.997E-05
9.9991E-05 0.125774 0.303064 0.538465 0.0325974
9.99732E-05 9.99732E-05 0.357008 0.642692 9.99732E-05
9.99731E-05 9.99731E-05 0.227811 0.771889 9.99731E-05
9.99731E-05 0.931561 9.99731E-05 9.99731E-05 0.0681394
0.236097 0.567838 0.0431324 0.0892524 0.0636809
0.468792 0.060772 9.9991E-05 0.338656 0.13168
9.9973E-05 9.9973E-05 0.325793 0.673907 9.9973E-05
9.99732E-05 9.99732E-05 0.0712939 9.99732E-05 0.928406
0.182095 0.817605 9.99732E-05 9.99732E-05 9.99732E-05
0.719426 0.280274 9.99729E-05 9.99729E-05 9.99729E-05
0.961041 9.9973E-05 0.0386592 9.9973E-05 9.9973E-05
9.99729E-05 0.831429 9.99729E-05 9.99729E-05 0.168271
0.0769103 9.9982E-05 0.0224042 0.900486 9.9982E-05
9.99729E-05 9.99729E-05 0.689423 9.99729E-05 0.310278
0.0715046 0.281749 9.9991E-05 0.269221 0.377426
9.9982E-05 9.9982E-05 0.271779 0.00135497 0.726667
9.997E-05 9.997E-05 9.997E-05 9.997E-05 0.9996
0.0917595 0.0207939 0.544138 0.16049 0.182819
0.363284 0.231017 0.0957454 0.271271 0.0386818
0.274879 0.724821 9.9973E-05 9.9973E-05 9.9973E-05
9.9973E-05 0.00583433 9.9973E-05 9.9973E-05 0.993866
9.99819E-05 9.99819E-05 0.430629 0.0403034 0.528868
0.249957 0.598076 0.0107962 0.117404 0.0237668
9.9991E-05 0.713721 0.0270031 0.0471946 0.211981
9.9982E-05 0.0253708 0.305738 0.668691 9.9982E-05
9.9973E-05 9.9973E-05 0.00902595 0.990674 9.9973E-05
9.9973E-05 9.9973E-05 0.246493 0.753207 9.9973E-05
9.99729E-05 9.99729E-05 0.177078 9.99729E-05 0.822622
0.38549 0.606284 9.9982E-05 0.00802623 9.9982E-05
9.9973E-05 9.9973E-05 9.9973E-05 0.00377744 0.995923
0.590676 0.224625 9.9991E-05 0.0634032 0.121196
9.99731E-05 9.99731E-05 0.620275 9.99731E-05 0.379425
9.997E-05 9.997E-05 0.9996 9.997E-05 9.997E-05
0.349504 9.9982E-05 9.9982E-05 0.649377 0.00091958
9.9973E-05 9.9973E-05 0.175639 0.824061 9.9973E-05
9.9973E-05 9.9973E-05 0.231176 0.768524 9.9973E-05
9.9973E-05 9.9973E-05 0.0216819 0.978018 9.9973E-05
9.99731E-05 9.99731E-05 0.861507 0.138193 9.99731E-05
9.9973E-05 9.9973E-05 0.858412 0.141288 9.9973E-05
0.642558 0.356839 0.000403447 9.9982E-05 9.9982E-05
9.9982E-05 0.00649077 0.26022 0.73309 9.9982E-05
0.769607 0.150506 0.021351 9.9991E-05 0.0584366
9.9973E-05 9.9973E-05 0.183074 0.816626 9.9973E-05
0.9996 9.997E-05 9.997E-05 9.997E-05 9.997E-05
9.99733E-05 9.99733E-05 0.392008 9.99733E-05 0.607692
0.336108 9.9973E-05 9.9973E-05 0.663593 9.9973E-05
0.609441 0.390259 9.9973E-05 9.9973E-05 9.9973E-05
9.99731E-05 9.99731E-05 0.901918 0.0977824 9.99731E-05
0.406826 9.9982E-05 9.9982E-05 0.560198 0.0327763
9.9991E-05 0.772772 0.0406351 0.0247258 0.161767
0.497414 9.99911E-05 0.0303173 0.246954 0.225215
9.9982E-05 0.0103236 0.302787 0.68669 9.9982E-05
9.9973E-05 9.9973E-05 0.32724 0.67246 9.9973E-05
0.0982674 9.9973E-05 9.9973E-05 0.901433 9.9973E-05
0.729771 0.0134725 0.0299505 0.0876268 0.13918
9.99731E-05 0.976518 9.99731E-05 9.99731E-05 0.0231822
0.345542 0.0659599 0.139662 0.32961 0.119225
0.981056 9.9973E-05 0.0186445 9.9973E-05 9.9973E-05
9.9973E-05 0.984105 9.9973E-05 9.9973E-05 0.0155946
9.99729E-05 9.99729E-05 0.719458 9.99729E-05 0.280242
0.277471 0.608619 0.0441595 0.0596341 0.0101161
9.997E-05 9.997E-05 0.9996 9.997E-05 9.997E-05
9.9982E-05 0.678147 9.9982E-05 0.0829419 0.238711
9.9973E-05 9.9973E-05 0.00632516 0.993375 9.9973E-05
9.9991E-05 0.139516 0.261098 0.582559 0.0167265
9.99819E-05 9.99819E-05 0.672821 0.00224022 0.324739
9.9973E-05 9.9973E-05 0.800532 9.9973E-05 0.199169
0.186465 9.9973E-05 9.9973E-05 0.813235 9.9973E-05
0.184905 9.9991E-05 0.0596862 0.736158 0.0191506
9.99821E-05 0.790611 9.99821E-05 0.0609671 0.148222
9.99819E-05 0.040368 0.669128 0.290304 9.99819E-05
0.393038 0.606662 9.9973E-05 9.9973E-05 9.9973E-05
9.997E-05 9.997E-05 9.997E-05 0.9996 9.997E-05
0.0062887 0.0447022 0.719963 0.0785804 0.150466
9.9973E-05 9.9973E-05 0.13349 9.9973E-05 0.86621
9.99733E-05 0.357911 9.99733E-05 9.99733E-05 0.641789
0.289706 0.709994 9.9973E-05 9.9973E-05 9.9973E-05
0.108738 0.0190721 0.0122296 0.725103 0.134858
9.99819E-05 9.99819E-05 0.684502 0.00730768 0.307991
9.99729E-05 9.99729E-05 0.736199 9.99729E-05 0.263502
9.9973E-05 9.9973E-05 0.217496 0.782204 9.9973E-05
9.99731E-05 0.119005 9.99731E-05 9.99731E-05 0.880695
0.0739141 9.99911E-05 0.440066 0.033368 0.452552
0.495283 0.334135 0.0523656 0.0731365 0.0450799
0.665921 9.9973E-05 9.9973E-05 0.333779 9.9973E-05
0.690477 9.9982E-05 9.9982E-05 0.294768 0.0145549
0.0957196 9.9991E-05 0.33881 0.0799033 0.485467
0.0931544 0.258223 0.00224076 0.325488 0.320893
0.586342 0.388026 0.0254322 9.9982E-05 9.9982E-05
9.99821E-05 0.696237 9.99821E-05 0.116424 0.187139
0.394243 0.573458 9.9982E-05 0.0320994 9.9982E-05
