9.99372E-05 9.99372E-05 9.99372E-05 9.99372E-05 9.99372E-05 0.915085 9.99372E-05 0.084215 9.99372E-05
9.9937E-05 9.9937E-05 9.9937E-05 0.319137 9.9937E-05 9.9937E-05 9.9937E-05 9.9937E-05 0.680163
0.204267 9.99463E-05 0.44088 0.354254 9.99463E-05 9.99463E-05 9.99463E-05 9.99463E-05 9.99463E-05
0.541399 0.199742 9.99554E-05 9.99554E-05 0.00190082 9.99554E-05 0.256458 9.99554E-05 9.99554E-05
9.99369E-05 9.99369E-05 0.188905 0.810396 9.99369E-05 9.99369E-05 9.99369E-05 9.99369E-05 9.99369E-05
9.99461E-05 9.99461E-05 9.99461E-05 9.99461E-05 9.99461E-05 0.0699487 0.00783239 0.921619 9.99461E-05
9.99459E-05 9.99459E-05 0.0276361 0.195913 9.99459E-05 9.99459E-05 9.99459E-05 9.99459E-05 0.775851
0.720215 0.0149767 0.242097 0.0222109 9.99548E-05 9.99548E-05 9.99548E-05 9.99548E-05 9.99548E-05
9.99641E-05 9.99641E-05 9.99641E-05 0.0912414 0.0450296 0.0840182 0.0502377 9.99641E-05 0.729073
0.528282 0.220465 0.216853 9.99549E-05 9.99549E-05 9.99549E-05 9.99549E-05 9.99549E-05 0.0338996
9.9946E-05 9.9946E-05 9.9946E-05 9.9946E-05 9.9946E-05 0.0280624 9.9946E-05 0.0393709 0.931967
9.99639E-05 0.00117714 9.99639E-05 0.0393591 0.672331 0.16836 9.99639E-05 0.118373 9.99639E-05
9.99639E-05 9.99639E-05 0.0293771 9.99639E-05 0.0349748 0.242538 0.623043 0.0696665 9.99639E-05
0.00737871 9.9982E-05 0.0145167 0.11239 0.654394 0.0130037 0.0914732 0.106644 9.9982E-05
0.0239496 0.923622 0.0176033 9.9955E-05 0.0343256 9.9955E-05 9.9955E-05 9.9955E-05 9.9955E-05
9.99641E-05 9.99641E-05 9.99641E-05 0.0189938 0.869162 0.0335939 0.0087225 0.0691277 9.99641E-05
9.9973E-05 9.9973E-05 9.9973E-05 0.0834422 0.622502 0.0085184 0.10444 0.169294 0.0115029
9.99459E-05 9.99459E-05 9.99459E-05 9.99459E-05 9.99459E-05 0.00974166 9.99459E-05 0.0642247 0.925434
9.9946E-05 9.9946E-05 9.9946E-05 0.295787 9.9946E-05 9.9946E-05 0.0265386 9.9946E-05 0.677074
9.9937E-05 9.9937E-05 0.0727909 0.92651 9.9937E-05 9.9937E-05 9.9937E-05 9.9937E-05 9.9937E-05
9.99375E-05 9.99375E-05 9.99375E-05 9.99375E-05 0.703199 9.99375E-05 9.99375E-05 9.99375E-05 0.296101
9.993E-05 9.993E-05 9.993E-05 9.993E-05 9.993E-05 0.999201 9.993E-05 9.993E-05 9.993E-05
0.0963109 0.42587 0.433517 9.99641E-05 0.0109788 9.99641E-05 9.99641E-05 9.99641E-05 0.0329235
0.23307 9.99731E-05 9.99731E-05 0.454145 0.0435575 0.0625953 0.170711 0.035622 9.99731E-05
0.619535 0.379765 9.99373E-05 9.99373E-05 9.99373E-05 9.99373E-05 9.99373E-05 9.99373E-05 9.99373E-05
9.99731E-05 9.99731E-05 0.0151914 0.0381534 0.16349 0.105573 0.0478189 9.99731E-05 0.629474
9.9946E-05 0.0928664 9.9946E-05 9.9946E-05 9.9946E-05 0.0147917 0.891742 9.9946E-05 9.9946E-05
9.993E-05 9.993E-05 9.993E-05 9.993E-05 0.999201 9.993E-05 9.993E-05 9.993E-05 9.993E-05
9.993E-05 9.993E-05 9.993E-05 9.993E-05 9.993E-05 0.999201 9.993E-05 9.993E-05 9.993E-05
0.0123784 9.99639E-05 9.99639E-05 0.0400718 0.0091309 0.0387784 9.99639E-05 9.99639E-05 0.899241
0.0060889 0.939863 0.0101214 9.99642E-05 0.0224621 0.0210651 9.99642E-05 9.99642E-05 9.99642E-05
9.993E-05 9.993E-05 9.993E-05 9.993E-05 9.993E-05 9.993E-05 9.993E-05 0.999201 9.993E-05
0.0179112 9.99638E-05 9.99638E-05 0.072163 0.00581962 0.0593182 9.99638E-05 9.99638E-05 0.844388
0.0332572 9.99552E-05 9.99552E-05 9.99552E-05 9.99552E-05 9.99552E-05 0.239317 0.710718 0.0162086
9.9937E-05 9.9937E-05 9.9937E-05 0.398241 9.9937E-05 9.9937E-05 9.9937E-05 9.9937E-05 0.601059
9.99461E-05 0.0592774 0.891527 0.048596 9.99461E-05 9.99461E-05 9.99461E-05 9.99461E-05 9.99461E-05
0.207825 9.9982E-05 9.9982E-05 0.325988 0.090214 0.115631 0.0246084 0.0906204 0.144914
9.9946E-05 9.9946E-05 9.9946E-05 0.00846641 9.9946E-05 0.0280091 0.962925 9.9946E-05 9.9946E-05
9.99372E-05 9.99372E-05 9.99372E-05 9.99372E-05 0.760684 9.99372E-05 9.99372E-05 9.99372E-05 0.238616
9.99639E-05 9.99639E-05 9.99639E-05 0.0175499 0.805303 0.0456541 0.0755793 0.055514 9.99639E-05
9.9964E-05 9.9964E-05 0.0534623 9.9964E-05 0.0435463 0.574362 0.196627 0.131603 9.9964E-05
0.53397 0.445782 9.99463E-05 9.99463E-05 9.99463E-05 9.99463E-05 9.99463E-05 0.0196475 9.99463E-05
9.99553E-05 9.99553E-05 9.99553E-05 0.491866 0.0361448 0.0668723 9.99553E-05 9.99553E-05 0.404617
9.99369E-05 0.227226 9.99369E-05 9.99369E-05 9.99369E-05 9.99369E-05 0.772074 9.99369E-05 9.99369E-05
9.9946E-05 9.9946E-05 9.9946E-05 9.9946E-05 0.0598981 0.364889 9.9946E-05 0.574613 9.9946E-05
9.9946E-05 9.9946E-05 9.9946E-05 9.9946E-05 0.0841256 0.381604 9.9946E-05 0.53367 9.9946E-05
9.99368E-05 9.99368E-05 9.99368E-05 0.949591 9.99368E-05 9.99368E-05 9.99368E-05 0.0497091 9.99368E-05
9.99373E-05 9.99373E-05 0.000730499 9.99373E-05 9.99373E-05 9.99373E-05 9.99373E-05 9.99373E-05 0.99857
9.9937E-05 9.9937E-05 9.9937E-05 0.217478 9.9937E-05 9.9937E-05 9.9937E-05 9.9937E-05 0.781822
9.993E-05 9.993E-05 9.993E-05 9.993E-05 9.993E-05 0.999201 9.993E-05 9.993E-05 9.993E-05
0.0363061 9.99642E-05 9.99642E-05 9.99642E-05 0.0324281 0.105962 0.634613 0.19029 9.99642E-05
9.9964E-05 9.9964E-05 0.0441048 0.0918662 0.594263 9.9964E-05 0.0759346 0.193431 9.9964E-05
9.99373E-05 9.99373E-05 9.99373E-05 9.99373E-05 0.976782 0.022518 9.99373E-05 9.99373E-05 9.99373E-05
9.99459E-05 0.437848 0.550917 9.99459E-05 9.99459E-05 0.0106352 9.99459E-05 9.99459E-05 9.99459E-05
0.76896 9.99548E-05 0.209221 9.99548E-05 0.00174241 0.0195772 9.99548E-05 9.99548E-05 9.99548E-05
0.522215 0.15145 0.266469 9.99549E-05 9.99549E-05 9.99549E-05 9.99549E-05 9.99549E-05 0.0593671
0.177663 9.99643E-05 0.605542 0.192596 0.00680005 9.99643E-05 9.99643E-05 9.99643E-05 0.0169983
9.993E-05 0.999201 9.993E-05 9.993E-05 9.993E-05 9.993E-05 9.993E-05 9.993E-05 9.993E-05
0.490463 9.9982E-05 0.0275817 9.9982E-05 0.126229 0.00638533 0.27214 0.0632102 0.0137907
9.99459E-05 9.99459E-05 0.0504104 0.863058 9.99459E-05 9.99459E-05 9.99459E-05 9.99459E-05 0.0859322
0.00803317 9.99552E-05 9.99552E-05 9.99552E-05 9.99552E-05 9.99552E-05 0.264787 0.671281 0.0553996
0.032061 0.00302992 0.0103677 9.99641E-05 9.99641E-05 9.99641E-05 0.270669 0.683473 9.99641E-05
9.9955E-05 9.9955E-05 9.9955E-05 9.9955E-05 0.0523926 0.401031 0.533017 0.01306 9.9955E-05
9.9964E-05 9.9964E-05 0.0320025 9.9964E-05 0.0754825 0.119071 0.455098 0.317946 9.9964E-05
0.782953 9.9946E-05 9.9946E-05 9.9946E-05 9.9946E-05 9.9946E-05 0.156026 0.0604211 9.9946E-05
9.99461E-05 0.963302 0.00104748 9.99461E-05 0.0350509 9.99461E-05 9.99461E-05 9.99461E-05 9.99461E-05
0.748501 9.99639E-05 9.99639E-05 9.99639E-05 9.99639E-05 0.0471061 0.180943 0.00942182 0.0136285
9.993E-05 9.993E-05 9.993E-05 9.993E-05 9.993E-05 0.999201 9.993E-05 9.993E-05 9.993E-05
9.9946E-05 9.9946E-05 0.0375987 9.9946E-05 0.929875 0.0319268 9.9946E-05 9.9946E-05 9.9946E-05
9.99371E-05 9.99371E-05 9.99371E-05 9.99371E-05 9.99371E-05 9.99371E-05 0.979081 0.0202197 9.99371E-05
9.9946E-05 9.9946E-05 0.587397 0.370531 9.9946E-05 9.9946E-05 9.9946E-05 0.0414714 9.9946E-05
9.9937E-05 9.9937E-05 9.9937E-05 9.9937E-05 9.9937E-05 0.591898 9.9937E-05 0.407402 9.9937E-05
9.99549E-05 9.99549E-05 9.99549E-05 9.99549E-05 0.0328289 0.437743 0.521214 0.00771443 9.99549E-05
9.99461E-05 0.953058 0.021148 9.99461E-05 9.99461E-05 0.0251939 9.99461E-05 9.99461E-05 9.99461E-05
9.99369E-05 9.99369E-05 9.99369E-05 0.970202 9.99369E-05 9.99369E-05 9.99369E-05 0.0290984 9.99369E-05
9.9964E-05 9.9964E-05 0.0415521 0.51898 0.0196644 9.9964E-05 0.0125922 9.9964E-05 0.406811
9.99459E-05 0.402533 0.570001 9.99459E-05 9.99459E-05 0.0268666 9.99459E-05 9.99459E-05 9.99459E-05
9.9955E-05 9.9955E-05 9.9955E-05 9.9955E-05 0.880803 0.0215636 9.9955E-05 0.0125776 0.0845558
9.9973E-05 9.9973E-05 9.9973E-05 0.0781337 0.680942 0.0284516 0.0739731 0.0124213 0.125778
9.993E-05 0.999201 9.993E-05 9.993E-05 9.993E-05 9.993E-05 9.993E-05 9.993E-05 9.993E-05
9.99643E-05 0.00234493 9.99643E-05 0.568309 0.0318611 0.0267426 9.99643E-05 9.99643E-05 0.370342
0.211654 0.00207028 9.9991E-05 0.371865 0.0796707 0.140941 0.0240047 0.0442699 0.125424
9.99458E-05 9.99458E-05 9.99458E-05 9.99458E-05 0.57839 0.0765721 9.99458E-05 9.99458E-05 0.344438
9.99368E-05 0.250646 9.99368E-05 9.99368E-05 9.99368E-05 9.99368E-05 0.748655 9.99368E-05 9.99368E-05
0.554912 0.425678 9.99462E-05 9.99462E-05 9.99462E-05 9.99462E-05 9.99462E-05 0.0188098 9.99462E-05
0.00457621 9.99641E-05 0.00509059 9.99641E-05 0.835648 9.99641E-05 0.0145873 9.99641E-05 0.139698
9.993E-05 9.993E-05 9.993E-05 9.993E-05 9.993E-05 0.999201 9.993E-05 9.993E-05 9.993E-05
0.0426212 0.594955 9.9946E-05 9.9946E-05 9.9946E-05 9.9946E-05 0.361824 9.9946E-05 9.9946E-05
0.701607 0.297694 9.99371E-05 9.99371E-05 9.99371E-05 9.99371E-05 9.99371E-05 9.99371E-05 9.99371E-05
0.727795 0.271506 9.99373E-05 9.99373E-05 9.99373E-05 9.99373E-05 9.99373E-05 9.99373E-05 9.99373E-05
9.993E-05 9.993E-05 9.993E-05 9.993E-05 9.993E-05 0.999201 9.993E-05 9.993E-05 9.993E-05
9.99371E-05 0.0764722 0.922828 9.99371E-05 9.99371E-05 9.99371E-05 9.99371E-05 9.99371E-05 9.99371E-05
9.9946E-05 9.9946E-05 0.0285927 0.962497 9.9946E-05 9.9946E-05 9.9946E-05 9.9946E-05 0.00831061
9.9937E-05 0.992031 9.9937E-05 0.00726974 9.9937E-05 9.9937E-05 9.9937E-05 9.9937E-05 9.9937E-05
9.9955E-05 9.9955E-05 9.9955E-05 0.00398966 0.85019 0.0718382 9.9955E-05 0.073482 9.9955E-05
0.270065 9.9973E-05 9.9973E-05 0.420162 0.0821864 0.016489 0.151047 0.0597507 9.9973E-05
0.502443 9.99641E-05 9.99641E-05 0.0186329 0.032046 9.99641E-05 0.315747 0.130731 9.99641E-05
9.99369E-05 9.99369E-05 0.233483 0.765818 9.99369E-05 9.99369E-05 9.99369E-05 9.99369E-05 9.99369E-05
9.9937E-05 9.9937E-05 9.9937E-05 9.9937E-05 0.557906 9.9937E-05 9.9937E-05 9.9937E-05 0.441395
9.99461E-05 0.928817 9.99461E-05 9.99461E-05 9.99461E-05 9.99461E-05 0.0662673 9.99461E-05 0.00431605
0.0185757 9.99639E-05 9.99639E-05 0.00675289 0.0364681 0.0581395 9.99639E-05 9.99639E-05 0.879664
9.993E-05 9.993E-05 9.993E-05 9.993E-05 0.999201 9.993E-05 9.993E-05 9.993E-05 9.993E-05
0.754057 9.99368E-05 9.99368E-05 0.245243 9.99368E-05 9.99368E-05 9.99368E-05 9.99368E-05 9.99368E-05
9.99551E-05 9.99551E-05 9.99551E-05 9.99551E-05 0.0587696 0.281294 0.62604 0.0333967 9.99551E-05
0.0258781 0.579875 9.9946E-05 9.9946E-05 9.9946E-05 9.9946E-05 0.393648 9.9946E-05 9.9946E-05
9.99371E-05 9.99371E-05 0.897334 0.101966 9.99371E-05 9.99371E-05 9.99371E-05 9.99371E-05 9.99371E-05
9.99369E-05 9.99369E-05 9.99369E-05 9.99369E-05 0.726786 9.99369E-05 9.99369E-05 9.99369E-05 0.272515
0.429128 0.0174374 0.431328 0.0821884 9.99731E-05 0.0184195 9.99731E-05 9.99731E-05 0.0211982
9.99372E-05 9.99372E-05 9.99372E-05 9.99372E-05 9.99372E-05 0.927709 9.99372E-05 0.0715911 9.99372E-05
9.998E-05 9.998E-05 0.0508978 0.076989 0.17086 0.0220355 0.0915449 0.560523 0.02695
9.99374E-05 9.99374E-05 9.99374E-05 9.99374E-05 0.0552211 9.99374E-05 9.99374E-05 0.944079 9.99374E-05
0.00339812 9.99461E-05 9.99461E-05 9.99461E-05 9.99461E-05 0.036775 9.99461E-05 0.959227 9.99461E-05
9.993E-05 9.993E-05 9.993E-05 0.999201 9.993E-05 9.993E-05 9.993E-05 9.993E-05 9.993E-05
0.72272 9.99367E-05 9.99367E-05 0.276581 9.99367E-05 9.99367E-05 9.99367E-05 9.99367E-05 9.99367E-05
0.710851 9.99459E-05 9.99459E-05 9.99459E-05 9.99459E-05 9.99459E-05 0.192704 0.0958453 9.99459E-05
9.993E-05 9.993E-05 9.993E-05 9.993E-05 9.993E-05 9.993E-05 9.993E-05 0.999201 9.993E-05
9.99376E-05 9.99376E-05 9.99376E-05 9.99376E-05 0.0848896 9.99376E-05 9.99376E-05 9.99376E-05 0.914411
0.202373 9.99463E-05 0.407793 0.389234 9.99463E-05 9.99463E-05 9.99463E-05 9.99463E-05 9.99463E-05
9.99459E-05 0.411707 0.580022 9.99459E-05 9.99459E-05 0.00767132 9.99459E-05 9.99459E-05 9.99459E-05
9.99461E-05 0.937167 9.99461E-05 9.99461E-05 0.0569797 0.0052532 9.99461E-05 9.99461E-05 9.99461E-05
9.99459E-05 9.99459E-05 0.0253681 0.904629 9.99459E-05 9.99459E-05 9.99459E-05 9.99459E-05 0.0694031
9.99641E-05 9.99641E-05 0.0426454 9.99641E-05 0.0790174 0.642807 0.161039 0.0740917 9.99641E-05
9.99368E-05 9.99368E-05 9.99368E-05 9.99368E-05 0.671502 9.99368E-05 9.99368E-05 9.99368E-05 0.327798
0.161643 9.9982E-05 9.9982E-05 0.389194 0.114215 0.159542 0.0507469 0.00961329 0.114846
9.9955E-05 9.9955E-05 9.9955E-05 9.9955E-05 0.279815 0.016442 9.9955E-05 0.00902776 0.694216
9.993E-05 9.993E-05 9.993E-05 9.993E-05 9.993E-05 9.993E-05 9.993E-05 9.993E-05 0.999201
0.136953 9.99733E-05 9.99733E-05 0.0319758 0.473493 9.99733E-05 0.0429335 0.199883 0.114461
0.625603 9.9982E-05 0.05193 0.0586147 0.0564601 0.069616 0.070212 0.0673639 9.9982E-05
9.99371E-05 9.99371E-05 0.917496 0.0818041 9.99371E-05 9.99371E-05 9.99371E-05 9.99371E-05 9.99371E-05
9.99462E-05 9.99462E-05 0.0133602 0.0158674 9.99462E-05 9.99462E-05 9.99462E-05 9.99462E-05 0.970173
9.99639E-05 9.99639E-05 0.00401623 9.99639E-05 0.411496 0.0395415 9.99639E-05 0.0444687 0.500078
0.723531 9.99548E-05 0.01633 0.258757 9.99548E-05 0.000881857 9.99548E-05 9.99548E-05 9.99548E-05
0.0227171 9.99551E-05 9.99551E-05 0.86799 0.0588349 0.0499578 9.99551E-05 9.99551E-05 9.99551E-05
9.9937E-05 9.9937E-05 9.9937E-05 9.9937E-05 0.0179441 9.9937E-05 9.9937E-05 0.981356 9.9937E-05
9.9937E-05 9.9937E-05 9.9937E-05 9.9937E-05 9.9937E-05 0.567569 9.9937E-05 0.431731 9.9937E-05
9.9946E-05 9.9946E-05 9.9946E-05 9.9946E-05 0.0768693 0.324506 9.9946E-05 0.598025 9.9946E-05
0.00430823 9.99639E-05 0.00958995 9.99639E-05 0.166952 9.99639E-05 9.99639E-05 0.00377395 0.814976
9.9946E-05 9.9946E-05 0.994761 0.00057502 9.9946E-05 9.9946E-05 9.9946E-05 9.9946E-05 0.00406454
9.9946E-05 9.9946E-05 9.9946E-05 9.9946E-05 9.9946E-05 0.0138308 9.9946E-05 0.00987631 0.975693
0.578662 0.20022 0.182036 9.99549E-05 9.99549E-05 9.99549E-05 9.99549E-05 9.99549E-05 0.0385821
9.99373E-05 9.99373E-05 9.99373E-05 9.99373E-05 0.63143 9.99373E-05 9.99373E-05 9.99373E-05 0.367871
9.993E-05 9.993E-05 9.993E-05 9.993E-05 0.999201 9.993E-05 9.993E-05 9.993E-05 9.993E-05
9.9937E-05 9.9937E-05 9.9937E-05 9.9937E-05 9.9937E-05 9.9937E-05 0.928939 0.0703615 9.9937E-05
0.0203959 9.99461E-05 9.99461E-05 9.99461E-05 9.99461E-05 0.0518909 9.99461E-05 0.927114 9.99461E-05
0.0207945 0.0101223 0.00904473 9.9973E-05 9.9973E-05 0.0230896 0.0180197 0.918629 9.9973E-05
9.9937E-05 9.9937E-05 9.9937E-05 9.9937E-05 9.9937E-05 0.574002 9.9937E-05 0.425299 9.9937E-05
9.99461E-05 9.99461E-05 9.99461E-05 9.99461E-05 0.775832 0.0566387 9.99461E-05 0.166929 9.99461E-05
9.9946E-05 9.9946E-05 9.9946E-05 9.9946E-05 0.816756 0.0650118 9.9946E-05 0.117632 9.9946E-05
9.99371E-05 0.105727 0.893573 9.99371E-05 9.99371E-05 9.99371E-05 9.99371E-05 9.99371E-05 9.99371E-05
9.99461E-05 9.99461E-05 9.99461E-05 9.99461E-05 0.0605459 0.285721 9.99461E-05 0.653134 9.99461E-05
0.205248 0.497231 0.24256 0.0026569 9.99642E-05 9.99642E-05 9.99642E-05 9.99642E-05 0.0519035
0.0680898 9.9955E-05 9.9955E-05 9.9955E-05 9.9955E-05 0.000831843 0.0102821 0.920296 9.9955E-05
9.993E-05 0.999201 9.993E-05 9.993E-05 9.993E-05 9.993E-05 9.993E-05 9.993E-05 9.993E-05
0.0125637 9.99468E-05 9.99468E-05 9.99468E-05 0.408539 9.99468E-05 9.99468E-05 9.99468E-05 0.578297
9.99369E-05 9.99369E-05 9.99369E-05 9.99369E-05 9.99369E-05 9.99369E-05 0.923922 0.0753786 9.99369E-05
0.0454144 0.250374 0.703612 9.99462E-05 9.99462E-05 9.99462E-05 9.99462E-05 9.99462E-05 9.99462E-05
9.99461E-05 9.99461E-05 9.99461E-05 9.99461E-05 0.904798 0.0921882 9.99461E-05 0.0024144 9.99461E-05
0.0923535 9.99461E-05 9.99461E-05 9.99461E-05 9.99461E-05 9.99461E-05 0.853401 0.0536454 9.99461E-05
0.0404307 9.99641E-05 9.99641E-05 0.86568 0.0372245 0.0285438 0.0277213 9.99641E-05 9.99641E-05
0.811219 9.99463E-05 9.99463E-05 9.99463E-05 9.99463E-05 9.99463E-05 0.163385 0.0247961 9.99463E-05
9.993E-05 9.993E-05 9.993E-05 9.993E-05 9.993E-05 9.993E-05 9.993E-05 0.999201 9.993E-05
9.993E-05 9.993E-05 9.993E-05 9.993E-05 9.993E-05 9.993E-05 9.993E-05 0.999201 9.993E-05
9.9955E-05 9.9955E-05 9.9955E-05 9.9955E-05 9.9955E-05 0.491817 0.375692 0.11462 0.017372
0.999201 9.993E-05 9.993E-05 9.993E-05 9.993E-05 9.993E-05 9.993E-05 9.993E-05 9.993E-05
9.99373E-05 9.99373E-05 0.14771 0.85159 9.99373E-05 9.99373E-05 9.99373E-05 9.99373E-05 9.99373E-05
0.498089 9.99639E-05 9.99639E-05 9.99639E-05 0.123724 0.0243062 0.268543 0.0849377 9.99639E-05
0.0144891 0.945363 9.99551E-05 9.99551E-05 0.0360226 9.99551E-05 9.99551E-05 9.99551E-05 0.00362521
9.99369E-05 9.99369E-05 0.281689 0.717611 9.99369E-05 9.99369E-05 9.99369E-05 9.99369E-05 9.99369E-05
9.99458E-05 9.99458E-05 9.99458E-05 9.99458E-05 0.706522 9.99458E-05 0.0100505 9.99458E-05 0.282828
0.751204 9.99368E-05 9.99368E-05 0.248096 9.99368E-05 9.99368E-05 9.99368E-05 9.99368E-05 9.99368E-05
9.993E-05 9.993E-05 9.993E-05 9.993E-05 0.999201 9.993E-05 9.993E-05 9.993E-05 9.993E-05
0.128279 9.9973E-05 0.012035 0.726467 9.9973E-05 0.0640039 0.00441547 9.9973E-05 0.0644987
9.99371E-05 9.99371E-05 9.99371E-05 9.99371E-05 9.99371E-05 0.549887 9.99371E-05 0.449413 9.99371E-05
9.9973E-05 9.9973E-05 0.0236605 0.0825327 0.146217 0.0301505 0.13452 0.582619 9.9973E-05
9.99368E-05 9.99368E-05 9.99368E-05 9.99368E-05 0.674791 9.99368E-05 9.99368E-05 9.99368E-05 0.324509
9.9937E-05 9.9937E-05 9.9937E-05 9.9937E-05 0.819077 9.9937E-05 9.9937E-05 9.9937E-05 0.180223
9.9964E-05 0.051485 0.0177522 9.9964E-05 9.9964E-05 0.626382 0.291271 0.0127102 9.9964E-05
9.9964E-05 9.9964E-05 0.000912143 9.9964E-05 0.0451986 0.127508 0.417618 0.408363 9.9964E-05
9.99461E-05 9.99461E-05 9.99461E-05 0.904856 0.0385496 0.0559947 9.99461E-05 9.99461E-05 9.99461E-05
9.99639E-05 9.99639E-05 0.0165359 0.0176307 0.676549 0.1857 9.99639E-05 0.103184 9.99639E-05
9.993E-05 9.993E-05 0.999201 9.993E-05 9.993E-05 9.993E-05 9.993E-05 9.993E-05 9.993E-05
9.993E-05 9.993E-05 9.993E-05 9.993E-05 9.993E-05 0.999201 9.993E-05 9.993E-05 9.993E-05
9.9973E-05 9.9973E-05 0.0189038 0.0354646 0.690083 9.9973E-05 0.0712025 0.0556535 0.128393
9.99372E-05 9.99372E-05 9.99372E-05 9.99372E-05 0.162251 9.99372E-05 9.99372E-05 9.99372E-05 0.837049
0.00354984 9.99555E-05 9.99555E-05 0.571052 0.0141744 9.99555E-05 9.99555E-05 9.99555E-05 0.410724
9.9937E-05 9.9937E-05 0.862674 0.136626 9.9937E-05 9.9937E-05 9.9937E-05 9.9937E-05 9.9937E-05
0.0564471 9.99641E-05 0.018246 9.99641E-05 9.99641E-05 9.99641E-05 0.267046 0.643986 0.0138756
9.996E-05 9.996E-05 9.996E-05 0.0024011 0.669447 9.996E-05 0.0314582 0.0190177 0.277276
9.99369E-05 9.99369E-05 9.99369E-05 9.99369E-05 0.760541 9.99369E-05 9.99369E-05 9.99369E-05 0.238759
9.99461E-05 9.99461E-05 9.99461E-05 9.99461E-05 0.049107 0.359051 9.99461E-05 0.591242 9.99461E-05
9.99461E-05 9.99461E-05 0.0144501 0.0939203 9.99461E-05 9.99461E-05 9.99461E-05 9.99461E-05 0.89103
0.0784488 0.019256 9.99643E-05 9.99643E-05 0.486135 9.99643E-05 0.0311692 9.99643E-05 0.384591
0.803493 0.0136304 0.179944 0.00243262 9.99548E-05 9.99548E-05 9.99548E-05 9.99548E-05 9.99548E-05
9.9946E-05 0.205767 9.9946E-05 0.0109418 9.9946E-05 9.9946E-05 0.782691 9.9946E-05 9.9946E-05
0.0367275 0.223486 9.99549E-05 0.00429987 9.99549E-05 9.99549E-05 0.734987 9.99549E-05 9.99549E-05
0.0417909 0.0409983 0.0245436 9.99821E-05 0.388124 9.99821E-05 0.0531263 0.0295671 0.42165
0.163571 0.0338412 9.9982E-05 0.321981 0.0823461 0.190141 9.9982E-05 0.0550666 0.152854
9.99371E-05 0.0647856 0.934515 9.99371E-05 9.99371E-05 9.99371E-05 9.99371E-05 9.99371E-05 9.99371E-05
0.0985769 9.9982E-05 9.9982E-05 0.763504 0.0534144 0.0335485 0.0315021 0.0170766 0.00217762
9.993E-05 9.993E-05 0.999201 9.993E-05 9.993E-05 9.993E-05 9.993E-05 9.993E-05 9.993E-05
