9.998E-05 9.998E-05 9.998E-05 0.9997
9.9982E-05 0.817948 0.181852 9.9982E-05
0.365775 0.634026 9.99821E-05 9.99821E-05
0.722653 9.99911E-05 0.131424 0.145823
0.119203 0.880597 9.9982E-05 9.9982E-05
9.9982E-05 9.9982E-05 0.159913 0.839887
9.99819E-05 0.754404 0.245396 9.99819E-05
0.58434 0.300384 0.0732458 0.04203
9.9991E-05 0.528393 0.356944 0.114564
0.646378 0.274232 9.9991E-05 0.0792906
9.99819E-05 0.564087 0.435713 9.99819E-05
0.0114413 9.9991E-05 0.657458 0.331001
0.3116 9.9982E-05 9.9982E-05 0.6882
0.0789315 0.034056 0.691132 0.19588
0.985638 9.9982E-05 0.0141619 9.9982E-05
9.9982E-05 9.9982E-05 0.822525 0.177275
0.0327472 0.0378795 0.672917 0.256457
9.99819E-05 0.557852 0.441948 9.99819E-05
9.9982E-05 0.781162 0.218638 9.9982E-05
0.0166984 0.983102 9.9982E-05 9.9982E-05
9.99821E-05 0.0480846 0.951715 9.99821E-05
9.998E-05 9.998E-05 9.998E-05 0.9997
0.841996 0.108398 0.049506 9.9991E-05
0.115196 0.556912 9.9991E-05 0.327791
0.901038 9.99822E-05 0.0987622 9.99822E-05
9.9991E-05 0.453034 0.441334 0.105533
0.492537 9.9982E-05 9.9982E-05 0.507263
9.99821E-05 9.99821E-05 0.986872 0.0129278
9.998E-05 9.998E-05 9.998E-05 0.9997
9.99819E-05 0.552425 0.447376 9.99819E-05
0.982043 9.99821E-05 0.0177567 9.99821E-05
9.9982E-05 9.9982E-05 0.265022 0.734778
9.99819E-05 0.591982 0.407818 9.99819E-05
0.114738 0.0602272 0.10163 0.723405
9.9982E-05 0.81191 0.18789 9.9982E-05
0.588346 0.411454 9.9982E-05 9.9982E-05
0.0906126 0.482772 0.113345 0.313271
0.391797 9.9982E-05 9.9982E-05 0.608003
9.9982E-05 0.00736511 0.992435 9.9982E-05
9.9982E-05 9.9982E-05 0.746266 0.253534
0.083461 9.9991E-05 0.0343343 0.882105
0.880388 9.99911E-05 0.118078 0.00143404
9.99911E-05 0.745299 0.250098 0.00450308
0.699162 9.9982E-05 9.9982E-05 0.300638
9.9982E-05 9.9982E-05 0.170691 0.829109
9.9982E-05 9.9982E-05 0.157691 0.842109
9.9982E-05 0.943409 9.9982E-05 0.056391
9.99821E-05 0.64106 0.35874 9.99821E-05
9.9982E-05 0.769056 0.230744 9.9982E-05
9.998E-05 9.998E-05 9.998E-05 0.9997
0.268655 9.99911E-05 0.0479974 0.683248
0.0602991 0.0586008 0.638259 0.242841
9.9982E-05 9.9982E-05 0.947918 0.0518818
0.821898 0.177902 9.99819E-05 9.99819E-05
0.530159 0.290839 0.051164 0.127839
0.630012 0.267044 0.0538478 0.0490963
0.426204 0.5667 0.00699636 9.99911E-05
0.9997 9.998E-05 9.998E-05 9.998E-05
0.339622 0.136525 0.16424 0.359613
9.998E-05 0.9997 9.998E-05 9.998E-05
0.104352 0.0399004 0.13538 0.720367
0.146705 0.00935686 0.107367 0.736571
0.204605 9.9982E-05 9.9982E-05 0.795195
0.191739 9.9991E-05 0.0882353 0.719926
0.43013 0.204637 9.99911E-05 0.365133
0.9997 9.998E-05 9.998E-05 9.998E-05
0.444991 0.132893 0.0214428 0.400673
9.998E-05 9.998E-05 9.998E-05 0.9997
0.00858677 9.9991E-05 0.900906 0.0904072
0.382107 9.9982E-05 9.9982E-05 0.617693
0.355585 0.644215 9.9982E-05 9.9982E-05
9.9982E-05 9.9982E-05 0.00693125 0.992869
0.177173 9.9982E-05 9.9982E-05 0.822627
0.9997 9.998E-05 9.998E-05 9.998E-05
0.00155304 0.99413 9.9991E-05 0.0042167
9.9982E-05 0.831177 0.168623 9.9982E-05
0.832606 0.153603 9.9991E-05 0.0136908
9.9982E-05 9.9982E-05 0.92071 0.0790897
0.0309027 0.0925953 0.757752 0.11875
0.9997 9.998E-05 9.998E-05 9.998E-05
9.99911E-05 0.798129 0.195664 0.00610704
0.0866021 0.526682 0.0788284 0.307887
9.9991E-05 0.101717 0.811646 0.0865372
0.687262 9.9982E-05 9.9982E-05 0.312538
0.904343 9.99821E-05 0.0954571 9.99821E-05
0.0444047 9.9982E-05 0.955395 9.9982E-05
9.998E-05 9.998E-05 9.998E-05 0.9997
0.881524 9.9982E-05 9.9982E-05 0.118276
0.797983 0.00931688 0.143024 0.0496764
0.771799 0.081725 0.0987279 0.0477483
9.998E-05 9.998E-05 9.998E-05 0.9997
0.76821 0.23159 9.9982E-05 9.9982E-05
0.00571673 0.994083 9.9982E-05 9.9982E-05
0.9997 9.998E-05 9.998E-05 9.998E-05
9.9982E-05 9.9982E-05 0.75582 0.24398
0.137141 0.553662 0.0169175 0.29228
0.39931 0.164487 0.027507 0.408696
0.0898678 0.909932 9.9982E-05 9.9982E-05
9.9982E-05 0.0981404 0.90166 9.9982E-05
0.969233 9.9982E-05 9.9982E-05 0.030567
9.99819E-05 0.553135 0.446665 9.99819E-05
9.99821E-05 9.99821E-05 0.968498 0.0313024
0.379829 0.544779 0.033511 0.0418811
0.233319 9.9982E-05 9.9982E-05 0.766481
0.895375 9.9982E-05 9.9982E-05 0.104425
0.463313 0.536487 9.9982E-05 9.9982E-05
9.9982E-05 0.0208576 0.978942 9.9982E-05
0.529284 0.428725 9.9991E-05 0.0418915
9.998E-05 9.998E-05 9.998E-05 0.9997
9.9991E-05 0.11709 0.284747 0.598063
9.99911E-05 0.0106181 0.290209 0.699073
9.9982E-05 9.9982E-05 0.159067 0.840733
9.998E-05 0.9997 9.998E-05 9.998E-05
0.340119 0.524723 0.057186 0.0779716
0.442765 0.141081 0.0134558 0.402699
9.9982E-05 9.9982E-05 0.25658 0.74322
9.99821E-05 0.373951 0.625849 9.99821E-05
0.358002 0.641798 9.99821E-05 9.99821E-05
0.840191 0.159609 9.9982E-05 9.9982E-05
0.969216 9.9982E-05 0.0305841 9.9982E-05
9.998E-05 0.9997 9.998E-05 9.998E-05
0.054229 9.9991E-05 0.0318377 0.913833
9.99819E-05 0.0865226 0.913277 9.99819E-05
0.0590461 0.526864 0.119372 0.294718
9.9982E-05 0.342862 0.656938 9.9982E-05
9.9982E-05 0.62364 0.37616 9.9982E-05
0.117839 0.0779969 0.674147 0.130018
0.415413 0.209353 0.0847652 0.290469
0.466887 0.532913 9.9982E-05 9.9982E-05
9.9982E-05 0.669852 0.329948 9.9982E-05
9.9991E-05 0.233334 0.762531 0.00403441
0.362451 0.527652 9.9991E-05 0.109796
9.9991E-05 0.879559 0.0184727 0.101869
9.9991E-05 0.00775923 0.256603 0.735538
9.998E-05 9.998E-05 9.998E-05 0.9997
9.9982E-05 9.9982E-05 0.185452 0.814348
9.99819E-05 0.466037 0.533763 9.99819E-05
0.543373 0.456427 9.9982E-05 9.9982E-05
9.9991E-05 0.593049 0.396213 0.0106387
0.637203 0.278262 0.000350659 0.0841845
9.99821E-05 0.0672904 0.93251 9.99821E-05
9.998E-05 9.998E-05 0.9997 9.998E-05
0.347643 9.9982E-05 9.9982E-05 0.652157
9.9982E-05 9.9982E-05 0.147195 0.852605
0.00510234 9.9991E-05 0.192659 0.802139
9.998E-05 9.998E-05 9.998E-05 0.9997
9.9982E-05 9.9982E-05 0.773321 0.226479
9.9982E-05 9.9982E-05 0.774981 0.224819
0.768824 0.230976 9.9982E-05 9.9982E-05
9.9982E-05 9.9982E-05 0.198702 0.801098
0.825269 0.134971 0.0396608 9.9991E-05
9.9991E-05 0.00381962 0.158808 0.837273
0.9997 9.998E-05 9.998E-05 9.998E-05
9.99822E-05 0.22949 0.77031 9.99822E-05
0.331513 9.9982E-05 9.9982E-05 0.668287
0.738871 0.260929 9.9982E-05 9.9982E-05
9.99821E-05 9.99821E-05 0.805334 0.194466
0.409574 0.0341338 9.9991E-05 0.556192
0.00565288 0.872788 0.00856427 0.112994
0.469887 0.124139 0.127531 0.278443
9.9991E-05 0.00934296 0.222293 0.768264
9.9982E-05 9.9982E-05 0.25869 0.74111
0.0922293 9.9982E-05 9.9982E-05 0.907571
0.731454 0.0499267 0.11076 0.107859
0.0581139 0.941686 9.99821E-05 9.99821E-05
0.365759 0.0991498 0.213902 0.321189
0.9997 9.998E-05 9.998E-05 9.998E-05
0.123019 0.876781 9.9982E-05 9.9982E-05
9.9991E-05 0.0788092 0.913966 0.00712519
0.39406 0.515874 0.0291632 0.0609035
9.99821E-05 9.99821E-05 0.981487 0.0183127
0.0205894 0.841731 9.9991E-05 0.13758
9.998E-05 9.998E-05 9.998E-05 0.9997
9.9991E-05 0.121574 0.282938 0.595389
9.99819E-05 0.103982 0.895818 9.99819E-05
9.998E-05 9.998E-05 0.9997 9.998E-05
0.167847 9.9982E-05 9.9982E-05 0.831953
0.196509 9.9991E-05 0.0751016 0.728289
9.99821E-05 0.8963 9.99821E-05 0.1035
0.0149378 9.9991E-05 0.636563 0.348399
0.543254 0.456546 9.9982E-05 9.9982E-05
9.998E-05 9.998E-05 9.998E-05 0.9997
0.0221925 0.067219 0.786849 0.12374
9.9982E-05 0.415144 0.584656 9.9982E-05
9.99822E-05 0.819704 0.180096 9.99822E-05
0.458411 0.541389 9.9982E-05 9.9982E-05
0.1301 0.0732922 0.0676868 0.728921
9.9991E-05 0.0896271 0.857116 0.0531566
9.9982E-05 0.0736046 0.926195 9.9982E-05
9.9982E-05 9.9982E-05 0.16304 0.83676
9.99821E-05 0.753077 0.246723 9.99821E-05
0.0763011 0.183185 0.740414 9.99911E-05
0.555561 0.292678 0.0914092 0.060352
0.665769 9.9982E-05 9.9982E-05 0.334031
0.700335 9.9982E-05 9.9982E-05 0.299465
0.0834132 0.220811 0.630291 0.0654846
0.118405 0.484733 0.0826069 0.314255
0.706607 0.269557 0.0237365 9.9991E-05
0.0363477 0.817544 0.0143793 0.131729
0.57585 0.42395 9.9982E-05 9.9982E-05
