0.901397 9.99461E-05 9.99461E-05 9.99461E-05 9.99461E-05 0.0980031 9.99461E-05 9.99461E-05
9.99459E-05 0.38218 9.99459E-05 0.61722 9.99459E-05 9.99459E-05 9.99459E-05 9.99459E-05
9.99553E-05 0.429939 9.99553E-05 9.99553E-05 9.99553E-05 9.99553E-05 0.401961 0.1676
0.00565683 9.99821E-05 0.00145346 0.0134431 0.283268 0.047282 9.99821E-05 0.648696
9.99549E-05 0.833801 9.99549E-05 9.99549E-05 0.014031 9.99549E-05 0.151669 9.99549E-05
0.016513 9.99461E-05 9.99461E-05 9.99461E-05 9.99461E-05 0.982887 9.99461E-05 9.99461E-05
9.9964E-05 0.268249 9.9964E-05 0.718962 0.00574413 9.9964E-05 0.00664521 9.9964E-05
9.999E-05 0.0607011 0.0193745 0.0177749 0.00420043 0.000532448 0.352793 0.544523
0.150795 0.0388713 9.99552E-05 0.809834 9.99552E-05 9.99552E-05 9.99552E-05 9.99552E-05
9.9973E-05 9.9973E-05 9.9973E-05 0.0717719 0.202499 0.000906536 0.304537 0.419986
0.0166035 9.99549E-05 9.99549E-05 0.975168 9.99549E-05 0.0077292 9.99549E-05 9.99549E-05
0.177412 0.0511566 0.698984 9.99729E-05 0.00559646 0.0665518 9.99729E-05 9.99729E-05
0.560193 9.9991E-05 0.00469658 0.0318518 0.219089 0.143404 0.00622809 0.0344374
0.0165072 0.0974253 0.650717 0.00802112 0.0483791 0.162218 9.9991E-05 0.0166322
9.9955E-05 9.9955E-05 0.0345737 9.9955E-05 0.8989 9.9955E-05 0.0660261 9.9955E-05
0.0579349 0.0319709 0.892829 9.99641E-05 9.99641E-05 0.0168654 9.99641E-05 9.99641E-05
0.0289183 0.0611718 0.630469 0.0356301 0.0599714 0.18364 9.9982E-05 9.9982E-05
9.99459E-05 9.99459E-05 9.99459E-05 0.953167 9.99459E-05 0.0462337 9.99459E-05 9.99459E-05
9.9955E-05 0.3273 9.9955E-05 0.669572 0.00262744 9.9955E-05 9.9955E-05 9.9955E-05
9.9946E-05 0.997197 9.9946E-05 9.9946E-05 0.00220287 9.9946E-05 9.9946E-05 9.9946E-05
9.99464E-05 9.99464E-05 0.657157 0.342243 9.99464E-05 9.99464E-05 9.99464E-05 9.99464E-05
0.9993 9.994E-05 9.994E-05 9.994E-05 9.994E-05 9.994E-05 9.994E-05 9.994E-05
9.99641E-05 9.99641E-05 9.99641E-05 0.0179506 0.382557 9.99641E-05 0.51905 0.0800432
0.147905 0.407999 0.00570776 0.0643379 9.9982E-05 0.0392631 9.9982E-05 0.334587
9.99462E-05 9.99462E-05 9.99462E-05 9.99462E-05 0.340186 9.99462E-05 9.99462E-05 0.659214
0.127252 9.99642E-05 0.111716 0.743462 9.99642E-05 9.99642E-05 0.0171704 9.99642E-05
0.460191 0.0222536 9.9964E-05 9.9964E-05 0.422378 9.9964E-05 9.9964E-05 0.0947775
9.994E-05 9.994E-05 0.9993 9.994E-05 9.994E-05 9.994E-05 9.994E-05 9.994E-05
0.9993 9.994E-05 9.994E-05 9.994E-05 9.994E-05 9.994E-05 9.994E-05 9.994E-05
0.00910494 0.0577509 0.027508 0.863235 9.99819E-05 0.0268501 9.99819E-05 0.0153511
9.99552E-05 9.99552E-05 0.0381407 9.99552E-05 0.887312 9.99552E-05 0.0740476 9.99552E-05
9.9946E-05 9.9946E-05 0.00187787 9.9946E-05 9.9946E-05 0.997522 9.9946E-05 9.9946E-05
0.0477322 0.03337 0.0156879 0.877666 9.99819E-05 0.0126186 9.99819E-05 0.0127254
9.99641E-05 9.99641E-05 9.99641E-05 0.00272321 0.0711408 0.799035 9.99641E-05 0.126701
9.99459E-05 0.402582 9.99459E-05 0.596819 9.99459E-05 9.99459E-05 9.99459E-05 9.99459E-05
9.99551E-05 0.0358465 9.99551E-05 9.99551E-05 0.000275454 9.99551E-05 0.963378 9.99551E-05
0.115271 0.218533 9.9973E-05 0.278453 9.9973E-05 0.117638 9.9973E-05 0.269806
0.557805 0.0235034 9.99731E-05 9.99731E-05 0.33242 0.0375668 9.99731E-05 0.0484041
9.99461E-05 9.99461E-05 0.728958 0.270442 9.99461E-05 9.99461E-05 9.99461E-05 9.99461E-05
0.132999 0.0642144 0.783442 9.99639E-05 9.99639E-05 0.0189443 9.99639E-05 9.99639E-05
0.728187 9.9973E-05 0.0319854 9.9973E-05 0.0121161 0.159491 0.0679211 9.9973E-05
9.99463E-05 9.99463E-05 9.99463E-05 9.99463E-05 0.423683 9.99463E-05 9.99463E-05 0.575717
0.04317 0.41007 9.99643E-05 0.543258 0.00310192 9.99643E-05 9.99643E-05 9.99643E-05
0.286602 9.99549E-05 9.99549E-05 9.99549E-05 0.549858 9.99549E-05 9.99549E-05 0.163041
0.256278 9.9955E-05 0.0983271 9.9955E-05 9.9955E-05 0.644895 9.9955E-05 9.9955E-05
0.292364 9.9955E-05 0.0903778 9.9955E-05 9.9955E-05 0.616759 9.9955E-05 9.9955E-05
0.00610235 0.954531 9.99549E-05 9.99549E-05 9.99549E-05 0.038867 9.99549E-05 9.99549E-05
9.994E-05 9.994E-05 9.994E-05 0.9993 9.994E-05 9.994E-05 9.994E-05 9.994E-05
9.9946E-05 0.272299 9.9946E-05 0.727101 9.9946E-05 9.9946E-05 9.9946E-05 9.9946E-05
0.9993 9.994E-05 9.994E-05 9.994E-05 9.994E-05 9.994E-05 9.994E-05 9.994E-05
0.373624 9.99642E-05 9.99642E-05 9.99642E-05 0.143963 0.251436 9.99642E-05 0.230577
0.0345554 0.075356 0.611936 0.0435048 0.0598157 0.158751 0.015981 9.9991E-05
0.0158183 9.99552E-05 0.977168 9.99552E-05 9.99552E-05 0.00651356 9.99552E-05 9.99552E-05
0.00464043 9.99549E-05 9.99549E-05 9.99549E-05 0.389457 9.99549E-05 0.605403 9.99549E-05
0.00663073 0.0235592 0.0515125 9.99729E-05 9.99729E-05 9.99729E-05 0.294808 0.62319
9.99639E-05 9.99639E-05 9.99639E-05 0.0947871 0.167133 9.99639E-05 0.334451 0.403229
9.99642E-05 0.23477 9.99642E-05 0.0173504 9.99642E-05 9.99642E-05 0.606596 0.140884
9.994E-05 9.994E-05 9.994E-05 9.994E-05 0.9993 9.994E-05 9.994E-05 9.994E-05
0.124184 9.9973E-05 0.102629 9.9973E-05 9.9973E-05 0.0688834 0.0309072 0.673096
9.99549E-05 0.950907 9.99549E-05 0.0308647 9.99549E-05 9.99549E-05 0.0177287 9.99549E-05
9.99641E-05 9.99641E-05 9.99641E-05 0.0330649 0.0717679 0.776454 9.99641E-05 0.118313
0.00446139 9.99641E-05 9.99641E-05 9.99641E-05 0.0863573 0.764374 9.99641E-05 0.144407
0.77167 9.9964E-05 0.0521394 9.9964E-05 0.148324 0.0274674 9.9964E-05 9.9964E-05
0.374244 9.9982E-05 0.0313285 0.00623688 0.116419 0.40956 0.0620119 9.9982E-05
0.058402 9.9955E-05 9.9955E-05 9.9955E-05 9.9955E-05 0.0127139 9.9955E-05 0.928384
9.99551E-05 9.99551E-05 0.0316396 9.99551E-05 0.940895 9.99551E-05 0.0269658 9.99551E-05
0.122108 9.99459E-05 9.99459E-05 9.99459E-05 9.99459E-05 9.99459E-05 9.99459E-05 0.877292
0.9993 9.994E-05 9.994E-05 9.994E-05 9.994E-05 9.994E-05 9.994E-05 9.994E-05
0.0103733 9.9955E-05 0.95115 9.9955E-05 9.9955E-05 9.9955E-05 0.0379766 9.9955E-05
0.497372 9.9964E-05 9.9964E-05 9.9964E-05 0.236384 0.079517 9.9964E-05 0.186328
9.9955E-05 0.408149 9.9955E-05 9.9955E-05 9.9955E-05 0.0430246 0.548326 9.9955E-05
0.49846 9.9946E-05 9.9946E-05 9.9946E-05 9.9946E-05 0.50094 9.9946E-05 9.9946E-05
0.745059 9.9964E-05 0.0160114 9.9964E-05 0.168131 0.0703995 9.9964E-05 9.9964E-05
0.0112782 9.9955E-05 9.9955E-05 9.9955E-05 0.914307 9.9955E-05 0.0739154 9.9955E-05
9.99459E-05 0.955789 9.99459E-05 9.99459E-05 9.99459E-05 0.0436117 9.99459E-05 9.99459E-05
0.026799 0.535915 0.011826 0.393706 0.0124038 9.9982E-05 0.0191508 9.9982E-05
0.00468572 9.99549E-05 9.99549E-05 9.99549E-05 0.392394 9.99549E-05 0.602421 9.99549E-05
0.0369704 9.9955E-05 0.888952 0.0735781 9.9955E-05 9.9955E-05 9.9955E-05 9.9955E-05
0.0698682 0.0475607 0.645987 0.20414 9.99731E-05 0.0321437 9.99731E-05 9.99731E-05
9.994E-05 9.994E-05 9.994E-05 9.994E-05 0.9993 9.994E-05 9.994E-05 9.994E-05
0.046939 0.460198 9.99554E-05 0.492364 9.99554E-05 9.99554E-05 9.99554E-05 9.99554E-05
0.125076 0.24155 9.9982E-05 0.278224 0.0255082 0.0773639 9.9982E-05 0.252078
0.0757989 9.99548E-05 0.564968 0.358734 9.99548E-05 9.99548E-05 9.99548E-05 9.99548E-05
0.303857 9.99549E-05 9.99549E-05 9.99549E-05 0.550151 9.99549E-05 9.99549E-05 0.145493
9.99462E-05 9.99462E-05 9.99462E-05 9.99462E-05 0.376149 9.99462E-05 9.99462E-05 0.623251
9.99641E-05 9.99641E-05 0.811652 0.147453 9.99641E-05 9.99641E-05 0.00600958 0.0344863
0.9993 9.994E-05 9.994E-05 9.994E-05 9.994E-05 9.994E-05 9.994E-05 9.994E-05
0.11239 9.9955E-05 9.9955E-05 9.9955E-05 0.746465 9.9955E-05 9.9955E-05 0.140645
9.99461E-05 9.99461E-05 9.99461E-05 9.99461E-05 0.270439 9.99461E-05 9.99461E-05 0.728961
9.99478E-05 9.99478E-05 9.99478E-05 9.99478E-05 0.257778 9.99478E-05 9.99478E-05 0.741622
0.9993 9.994E-05 9.994E-05 9.994E-05 9.994E-05 9.994E-05 9.994E-05 9.994E-05
9.99461E-05 9.99461E-05 9.99461E-05 9.99461E-05 0.0685122 9.99461E-05 0.930888 9.99461E-05
9.994E-05 0.9993 9.994E-05 9.994E-05 9.994E-05 9.994E-05 9.994E-05 9.994E-05
9.994E-05 9.994E-05 9.994E-05 9.994E-05 0.9993 9.994E-05 9.994E-05 9.994E-05
0.0875559 9.9955E-05 0.85461 9.9955E-05 9.9955E-05 0.0573342 9.9955E-05 9.9955E-05
0.16691 0.385583 0.0377348 0.0467067 9.9973E-05 9.9973E-05 9.9973E-05 0.362766
0.12644 0.0104222 0.00588187 9.99821E-05 9.99821E-05 0.10662 0.0248152 0.725621
9.9946E-05 0.80784 9.9946E-05 9.9946E-05 9.9946E-05 9.9946E-05 0.191561 9.9946E-05
9.99461E-05 9.99461E-05 0.557992 0.441408 9.99461E-05 9.99461E-05 9.99461E-05 9.99461E-05
0.0106381 9.99551E-05 9.99551E-05 0.0183909 0.970471 9.99551E-05 9.99551E-05 9.99551E-05
0.0324957 0.0277917 0.031567 0.907746 9.99639E-05 9.99639E-05 9.99639E-05 9.99639E-05
9.994E-05 9.994E-05 0.9993 9.994E-05 9.994E-05 9.994E-05 9.994E-05 9.994E-05
9.99549E-05 0.32945 9.99549E-05 9.99549E-05 9.99549E-05 9.99549E-05 0.0880037 0.582047
0.618452 9.99731E-05 0.00282481 9.99731E-05 0.13259 0.112349 9.99731E-05 0.133484
0.103268 9.9955E-05 9.9955E-05 9.9955E-05 0.735467 9.9955E-05 9.9955E-05 0.160766
9.99461E-05 0.155723 9.99461E-05 9.99461E-05 9.99461E-05 9.99461E-05 0.843678 9.99461E-05
9.99459E-05 9.99459E-05 0.746431 0.252969 9.99459E-05 9.99459E-05 9.99459E-05 9.99459E-05
0.0295202 0.142759 9.99821E-05 0.00930959 0.0236187 9.99821E-05 0.505537 0.289055
0.922248 9.99461E-05 9.99461E-05 9.99461E-05 9.99461E-05 0.077152 9.99461E-05 9.99461E-05
0.0704182 0.0800675 0.188021 0.0151057 9.9982E-05 0.598012 0.0481756 9.9982E-05
9.99464E-05 9.99464E-05 0.0483503 9.99464E-05 9.99464E-05 0.95105 9.99464E-05 9.99464E-05
0.012481 9.99461E-05 9.99461E-05 9.99461E-05 9.99461E-05 0.986919 9.99461E-05 9.99461E-05
9.994E-05 0.9993 9.994E-05 9.994E-05 9.994E-05 9.994E-05 9.994E-05 9.994E-05
9.99639E-05 0.344977 0.0281273 9.99639E-05 9.99639E-05 9.99639E-05 0.079459 0.547037
0.0367162 9.99549E-05 9.99549E-05 9.99549E-05 9.99549E-05 0.0904262 9.99549E-05 0.872358
9.9946E-05 9.9946E-05 0.0574997 9.9946E-05 9.9946E-05 0.941901 9.9946E-05 9.9946E-05
9.99465E-05 9.99465E-05 0.0605194 0.938881 9.99465E-05 9.99465E-05 9.99465E-05 9.99465E-05
9.99552E-05 0.464887 9.99552E-05 9.99552E-05 9.99552E-05 9.99552E-05 0.411793 0.12282
9.99459E-05 9.99459E-05 9.99459E-05 9.99459E-05 0.374756 9.99459E-05 0.624645 9.99459E-05
9.99551E-05 9.99551E-05 0.0707665 9.99551E-05 0.917412 9.99551E-05 0.0113214 9.99551E-05
9.99459E-05 0.953412 9.99459E-05 0.0459881 9.99459E-05 9.99459E-05 9.99459E-05 9.99459E-05
0.747383 9.99552E-05 9.99552E-05 9.99552E-05 9.99552E-05 0.187858 0.0642592 9.99552E-05
9.99458E-05 9.99458E-05 0.698655 0.300746 9.99458E-05 9.99458E-05 9.99458E-05 9.99458E-05
0.146093 0.292468 0.0418118 0.258506 9.9982E-05 0.0390664 9.9982E-05 0.221856
9.99549E-05 9.99549E-05 0.264382 0.716575 9.99549E-05 0.0185433 9.99549E-05 9.99549E-05
9.994E-05 9.994E-05 9.994E-05 0.9993 9.994E-05 9.994E-05 9.994E-05 9.994E-05
9.99733E-05 0.0161746 0.49871 0.119154 9.99733E-05 0.176555 9.99733E-05 0.189106
0.111614 0.0564253 0.0553522 9.9982E-05 9.9982E-05 0.0268452 0.0721619 0.677401
9.9946E-05 0.135218 9.9946E-05 9.9946E-05 9.9946E-05 9.9946E-05 0.864182 9.9946E-05
9.99461E-05 0.0517987 9.99461E-05 0.947602 9.99461E-05 9.99461E-05 9.99461E-05 9.99461E-05
0.0410992 9.99549E-05 0.422696 0.535705 9.99549E-05 9.99549E-05 9.99549E-05 9.99549E-05
9.99548E-05 0.330715 9.99548E-05 9.99548E-05 9.99548E-05 9.99548E-05 0.0967171 0.572068
0.0497596 0.868379 0.0377153 0.0069203 9.99731E-05 0.0369254 9.99731E-05 9.99731E-05
9.99459E-05 9.99459E-05 0.018339 9.99459E-05 9.99459E-05 0.981061 9.99459E-05 9.99459E-05
0.494726 9.9946E-05 9.9946E-05 9.9946E-05 9.9946E-05 0.504674 9.9946E-05 9.9946E-05
0.216342 9.9955E-05 0.0833812 9.9955E-05 9.9955E-05 0.699777 9.9955E-05 9.9955E-05
9.99549E-05 9.99549E-05 0.179768 0.79597 9.99549E-05 9.99549E-05 0.0237625 9.99549E-05
9.9946E-05 9.9946E-05 9.9946E-05 0.0306104 9.9946E-05 9.9946E-05 0.96879 9.9946E-05
0.00723362 9.9955E-05 9.9955E-05 0.984912 9.9955E-05 0.00735488 9.9955E-05 9.9955E-05
9.99639E-05 9.99639E-05 9.99639E-05 0.0749165 0.183563 9.99639E-05 0.321468 0.419653
9.99462E-05 9.99462E-05 0.610571 0.388829 9.99462E-05 9.99462E-05 9.99462E-05 9.99462E-05
9.994E-05 9.994E-05 0.9993 9.994E-05 9.994E-05 9.994E-05 9.994E-05 9.994E-05
0.467713 9.9964E-05 9.9964E-05 9.9964E-05 0.202519 0.1352 9.9964E-05 0.194169
0.02307 9.99551E-05 9.99551E-05 9.99551E-05 9.99551E-05 0.965044 9.99551E-05 0.0113859
9.99641E-05 9.99641E-05 9.99641E-05 9.99641E-05 0.00749691 0.95901 0.0106585 0.0224346
0.48883 9.9946E-05 9.9946E-05 9.9946E-05 9.9946E-05 0.51057 9.9946E-05 9.9946E-05
0.0153933 9.99551E-05 0.80814 9.99551E-05 9.99551E-05 0.175966 9.99551E-05 9.99551E-05
0.0646259 9.9955E-05 0.824528 9.9955E-05 9.9955E-05 0.110347 9.9955E-05 9.9955E-05
9.9946E-05 9.9946E-05 9.9946E-05 9.9946E-05 0.0878098 9.9946E-05 0.911591 9.9946E-05
0.187876 9.9955E-05 0.108929 9.9955E-05 9.9955E-05 0.702696 9.9955E-05 9.9955E-05
9.99731E-05 9.99731E-05 0.0212174 0.0496433 0.476754 9.99731E-05 0.308441 0.143644
9.9946E-05 9.9946E-05 9.9946E-05 9.9946E-05 9.9946E-05 0.926621 9.9946E-05 0.0727795
9.994E-05 9.994E-05 9.994E-05 9.994E-05 0.9993 9.994E-05 9.994E-05 9.994E-05
9.99556E-05 9.99556E-05 0.338131 0.640016 9.99556E-05 9.99556E-05 9.99556E-05 0.0213529
0.516542 9.9964E-05 9.9964E-05 9.9964E-05 0.228188 0.111168 9.9964E-05 0.143702
9.99551E-05 9.99551E-05 9.99551E-05 9.99551E-05 0.23431 9.99551E-05 0.763415 0.00177528
0.0895054 9.99462E-05 0.909895 9.99462E-05 9.99462E-05 9.99462E-05 9.99462E-05 9.99462E-05
0.388475 9.99641E-05 9.99641E-05 9.99641E-05 0.197893 0.0895539 9.99641E-05 0.323679
0.0602313 0.886928 0.0523406 9.99552E-05 9.99552E-05 9.99552E-05 9.99552E-05 9.99552E-05
9.99462E-05 9.99462E-05 9.99462E-05 9.99462E-05 9.99462E-05 0.0434573 9.99462E-05 0.955943
9.99459E-05 0.00848933 9.99459E-05 9.99459E-05 9.99459E-05 0.990911 9.99459E-05 9.99459E-05
9.9946E-05 9.9946E-05 0.0260392 9.9946E-05 9.9946E-05 0.973361 9.9946E-05 9.9946E-05
0.786769 9.99641E-05 9.99641E-05 0.0508964 0.0592284 0.102706 9.99641E-05 9.99641E-05
9.994E-05 9.994E-05 9.994E-05 9.994E-05 9.994E-05 9.994E-05 9.994E-05 0.9993
9.99463E-05 0.909411 9.99463E-05 9.99463E-05 9.99463E-05 9.99463E-05 0.0899897 9.99463E-05
0.092124 9.99819E-05 0.114772 0.00654677 0.00234345 0.100687 9.99819E-05 0.683327
9.99551E-05 9.99551E-05 0.0448371 9.99551E-05 0.913385 9.99551E-05 0.0412777 9.99551E-05
9.9946E-05 0.79561 9.9946E-05 9.9946E-05 9.9946E-05 9.9946E-05 0.203791 9.9946E-05
9.99549E-05 9.99549E-05 0.696814 0.300763 9.99549E-05 9.99549E-05 0.00192342 9.99549E-05
9.99549E-05 0.368942 9.99549E-05 9.99549E-05 9.99549E-05 9.99549E-05 0.0466362 0.583922
9.994E-05 9.994E-05 0.9993 9.994E-05 9.994E-05 9.994E-05 9.994E-05 9.994E-05
0.0647105 0.682583 0.00296135 0.105352 9.9991E-05 0.00373099 0.0663596 0.0742026
0.468456 9.99461E-05 9.99461E-05 9.99461E-05 9.99461E-05 0.530944 9.99461E-05 9.99461E-05
0.114422 0.0995529 0.123823 9.9973E-05 9.9973E-05 0.614195 0.0477082 9.9973E-05
9.99548E-05 9.99548E-05 0.657791 0.330301 9.99548E-05 0.0114084 9.99548E-05 9.99548E-05
9.9946E-05 9.9946E-05 0.823886 0.175514 9.9946E-05 9.9946E-05 9.9946E-05 9.9946E-05
0.779344 9.9964E-05 9.9964E-05 9.9964E-05 0.130583 0.0829799 0.00669339 9.9964E-05
0.326949 9.9982E-05 0.0231909 9.9982E-05 0.139159 0.435304 0.00589388 0.0693029
0.0548012 0.882206 0.0438545 9.99641E-05 9.99641E-05 0.0187389 9.99641E-05 9.99641E-05
0.22685 0.037221 0.69472 9.99638E-05 9.99638E-05 0.0408099 9.99638E-05 9.99638E-05
9.9946E-05 9.9946E-05 9.9946E-05 0.0098528 9.9946E-05 9.9946E-05 0.989548 9.9946E-05
0.9993 9.994E-05 9.994E-05 9.994E-05 9.994E-05 9.994E-05 9.994E-05 9.994E-05
0.0321448 0.0154715 0.652217 0.168448 9.9982E-05 0.0927727 0.0387466 9.9982E-05
9.99461E-05 9.99461E-05 0.136899 0.862501 9.99461E-05 9.99461E-05 9.99461E-05 9.99461E-05
9.99466E-05 0.494226 9.99466E-05 0.505174 9.99466E-05 9.99466E-05 9.99466E-05 9.99466E-05
9.9946E-05 0.152464 9.9946E-05 9.9946E-05 9.9946E-05 9.9946E-05 0.846936 9.9946E-05
9.9964E-05 9.9964E-05 9.9964E-05 0.0218642 0.0833889 0.747922 9.9964E-05 0.146425
0.0491218 9.99638E-05 0.643219 0.301623 9.99638E-05 0.00563674 9.99638E-05 9.99638E-05
9.99459E-05 9.99459E-05 0.739355 0.260045 9.99459E-05 9.99459E-05 9.99459E-05 9.99459E-05
0.265355 9.9955E-05 0.0979621 9.9955E-05 9.9955E-05 0.636183 9.9955E-05 9.9955E-05
9.99551E-05 0.120146 9.99551E-05 0.837943 9.99551E-05 9.99551E-05 0.0414107 9.99551E-05
9.99732E-05 9.99732E-05 0.458442 0.40882 0.0248474 0.000214971 9.99732E-05 0.107376
9.99638E-05 0.0584847 0.0115295 9.99638E-05 9.99638E-05 9.99638E-05 0.304704 0.624882
0.296572 9.99549E-05 9.99549E-05 9.99549E-05 0.500896 9.99549E-05 9.99549E-05 0.202033
0.250158 0.0113769 9.99639E-05 9.99639E-05 0.5106 9.99639E-05 9.99639E-05 0.227465
9.99821E-05 9.99821E-05 0.321525 0.466541 0.0107111 0.0807279 0.00759665 0.112698
0.145345 0.213448 0.0164863 0.265957 0.00432423 0.0827647 0.0216251 0.25005
9.99551E-05 9.99551E-05 0.0111235 9.99551E-05 0.0381262 9.99551E-05 0.95025 9.99551E-05
0.0597394 0.752242 0.0755733 0.0147119 9.9991E-05 0.0145075 0.0225541 0.0605714
0.00116782 9.99461E-05 9.99461E-05 9.99461E-05 9.99461E-05 9.99461E-05 0.998233 9.99461E-05
