   11.620543    10.986856    13.626064    16.423393    12.314786    11.256085     8.684383     6.714487     6.296190     6.818869    11.032361     9.408949     9.962681    10.670565    10.663323     6.696547     9.875020     8.425725     6.524478     7.634213    10.272608     9.015760     9.205743     8.720451     8.565933     5.999026     7.172696     6.169519     4.846091     5.493498     7.370719     6.748021     5.950760     5.710418     4.140184     5.388124     4.801144     5.965307     5.016101     5.634143     7.432524     5.293022     5.772523     5.114155     8.598374     9.494589     5.228716     4.413804     4.441854     5.193245     8.347137     6.803756     5.563448     6.006714     6.367770     8.603378     3.622262     3.461909     3.927416     6.221398     5.968998     5.278241     4.358186     4.527638     6.325938     5.377398     7.854141     7.014870     3.747161     6.079679     5.099847     3.806505     5.499854     4.927089     3.823236     3.406988     3.621350     5.218264     4.218465     3.137031     6.279255     4.791797     5.599616     3.390285     4.531408     4.884360     6.170221     3.308835     4.003008     3.547938     5.488922     5.103940     6.620275     5.761751     5.238844     4.820878     4.337938     3.559212     4.555449     4.802430
   10.986856    11.775788    14.776637    17.740432    13.083769    11.143793     8.487615     6.656844     6.315045     6.797571    10.621310     9.874852    10.703606    11.374478    11.149987     6.742774     9.575658     8.183808     6.380023     7.559527     9.929505     9.119954     9.508070     9.016175     8.843258     5.928702     6.977396     5.926198     4.855008     5.481783     7.166321     6.710935     5.965998     5.804965     4.209873     5.368528     4.706287     5.742909     4.852165     5.501070     7.170485     5.224311     5.621825     4.962670     8.375380     9.093916     5.125478     4.304549     4.284266     5.055338     7.944642     6.551286     5.335648     5.863217     6.127324     8.109897     3.501595     3.346257     3.828792     6.103000     5.711770     5.107622     4.248379     4.376698     6.094222     5.234517     7.607286     6.760964     3.665516     5.951082     4.859717     3.646962     5.314734     4.821890     3.696796     3.429421     3.632700     5.139947     4.177316     3.127572     6.028996     4.602070     5.449701     3.304046     4.391332     4.715948     6.198998     3.297239     3.935246     3.504207     5.342077     5.017767     6.466188     5.589976     5.130694     4.701601     4.318600     3.552936     4.500660     4.714974
   13.626064    14.776637    21.529105    26.569591    19.547962    15.482850    11.607181     8.981915     8.374319     9.019716    13.133380    12.681134    14.976200    16.827464    16.375931     9.375852    13.030771    10.920018     8.430829     9.988991    12.602555    11.566270    13.330483    13.209443    12.800996     8.103648     9.369997     7.835289     6.543459     7.277671     9.080747     8.660979     8.243022     8.251604     5.978818     7.474974     6.277531     7.659169     6.488148     7.415692     9.259715     6.983708     7.711480     6.874668    11.625324    12.765676     6.929066     5.764576     5.806087     6.764145    10.584023     8.868083     7.325437     8.299066     8.675283    11.478773     4.798212     4.482235     5.134341     8.234028     7.708162     6.923310     6.046443     6.236198     8.622662     7.430441    10.458361     8.996962     4.850210     7.919560     6.672319     5.063821     7.557435     6.939189     5.228312     4.899401     5.067186     6.909693     5.612928     4.205503     8.367196     6.560819     7.768088     4.778559     6.221696     6.596299     8.781361     4.630932     5.472444     4.843081     7.473295     7.097413     9.336171     8.109817     7.400280     6.636743     6.178959     5.095537     6.430343     6.669290
   16.423393    17.740432    26.569591    35.457770    26.428350    20.898436    15.768132    12.046959    11.181716    12.057429    15.715845    15.202792    18.545666    22.640725    22.039104    12.859158    17.914976    14.718833    11.148255    13.220693    15.433357    14.019429    16.746055    17.212356    17.231304    10.882954    12.729572    10.637437     8.563035     9.659198    11.119220    10.770383    10.364059    10.638489     7.852145     9.998942     8.467233    10.268380     8.649166     9.881492    11.452383     8.716749     9.669762     8.697605    14.982128    17.103121     9.290251     7.672136     7.716644     8.912784    13.132979    11.061532     9.102944    10.593683    11.286892    15.374465     6.412596     5.909718     6.754283    10.808194     9.614833     8.571221     7.634623     7.997409    11.257348     9.812992    13.915284    11.886112     6.345679    10.425771     8.444128     6.469703     9.830153     9.052398     6.889019     6.498389     6.836409     9.220794     7.468787     5.639690    10.676835     8.419669    10.063408     6.331371     8.323976     8.996824    11.960234     6.256628     7.347977     6.538057     9.540531     9.091871    12.364119    10.910569     9.853396     8.930418     8.416843     6.974296     8.665349     8.990793
   12.314786    13.083769    19.547962    26.428350    21.546533    17.038418    12.956624     9.838529     8.976501     9.619158    11.737961    11.231397    13.895473    17.409297    17.810976    10.713997    14.739008    11.919914     8.941605    10.502135    11.640957    10.519231    12.845920    13.390619    13.697231     8.891818    10.305799     8.718294     6.756044     7.564639     8.469554     8.194858     7.950167     8.319418     6.255007     7.874408     6.748708     8.196472     6.774518     7.665126     8.679525     6.600492     7.368702     6.752963    11.714177    12.718832     7.113656     5.871434     5.874536     6.841226     9.821466     8.226719     6.828732     8.128566     8.629685    11.533096     4.921355     4.526208     5.116415     8.124385     7.196806     6.356881     5.742926     6.100501     8.663802     7.533069    10.520947     9.006623     4.777768     7.914769     6.250731     4.810587     7.334863     6.866154     5.335030     4.905504     5.188342     7.019213     5.637108     4.270238     7.912120     6.233419     7.449550     4.727407     6.235405     6.804187     9.124980     4.783039     5.572221     4.939719     7.101934     6.734516     9.115491     8.077823     7.226015     6.681622     6.399665     5.317386     6.627631     6.833823
   11.256085    11.143793    15.482850    20.898436    17.038418    19.144894    14.581202    10.885336     9.711234    10.062761    10.867448     9.362122    11.025771    13.842099    14.553913    11.107561    16.411215    13.387511     9.915883    11.180184    10.688294     9.177295    10.412225    10.648926    11.297878     8.859793    11.115857     9.883449     7.081048     8.038812     7.436687     7.024390     6.530391     6.732201     5.292726     7.526406     7.089500     8.855206     7.358115     8.116658     7.600914     5.521215     6.326957     5.745651    10.186894    12.686162     7.374172     6.148385     6.088035     7.255925     8.889876     7.574528     6.107356     7.377167     7.830913    11.413920     5.163309     4.787335     5.356679     8.279152     6.577920     5.935528     5.224286     5.459170     7.944490     7.006216    10.764540     9.498587     5.134882     8.330830     5.948198     4.492086     6.883035     6.317968     4.938417     4.604030     5.094828     7.274173     5.835030     4.429020     7.603555     5.801945     6.813082     4.331941     5.936545     6.720926     8.592908     4.665925     5.603179     4.884899     6.880348     6.343584     8.671133     7.720796     6.953299     6.521043     6.222331     5.214672     6.571601     6.833427
    8.684383     8.487615    11.607181    15.768132    12.956624    14.581202    11.992340     9.230605     8.325725     8.571858     8.258140     7.057707     8.501042    10.730512    11.268326     9.168824    13.768408    11.418338     8.573897     9.506943     8.085320     7.064197     8.116118     8.295511     8.936245     7.455964     9.360880     8.422448     6.022464     6.707880     5.721034     5.520963     5.116424     5.309928     4.277520     6.146274     5.828585     7.318792     6.106928     6.597494     5.894102     4.341148     4.959021     4.552271     8.135668     9.980517     5.909749     4.960689     4.941716     5.882327     6.886192     5.882236     4.747891     5.817560     6.184454     8.912913     4.074040     3.856190     4.359509     6.641466     4.999847     4.504307     3.984884     4.231338     6.182890     5.394571     8.327623     7.458072     4.092844     6.579549     4.494110     3.423900     5.294303     4.829009     3.796744     3.491520     3.898800     5.656537     4.544131     3.454436     5.723355     4.356024     5.274350     3.303561     4.550325     5.152037     6.553659     3.606673     4.345958     3.785883     5.209293     4.791389     6.582584     5.897994     5.284175     4.939316     4.737860     4.034473     5.090547     5.295881
    6.714487     6.656844     8.981915    12.046959     9.838529    10.885336     9.230605     7.837721     7.208304     7.319537     6.348575     5.489889     6.650344     8.256212     8.561222     7.042009    10.780882     9.361608     7.309540     8.097893     6.102872     5.389133     6.249118     6.414173     6.909953     5.840434     7.281679     6.812086     5.093166     5.635042     4.304203     4.210708     3.914616     4.075461     3.348576     4.827817     4.557466     5.872990     4.955935     5.289497     4.428167     3.274549     3.793829     3.526249     6.345984     7.518996     4.601627     3.935171     3.924702     4.685166     5.197953     4.426502     3.662498     4.490475     4.748092     6.731051     3.097669     3.005382     3.457433     5.204272     3.765827     3.412068     3.048774     3.234518     4.673749     4.050757     6.162710     5.581286     3.173100     5.118664     3.405019     2.639223     4.034236     3.677350     2.832656     2.564660     2.853337     4.194854     3.387086     2.617577     4.309241     3.301635     3.990705     2.463289     3.344424     3.803939     4.972164     2.700775     3.244968     2.858758     3.906091     3.604627     5.008949     4.484900     3.993632     3.702850     3.533786     3.023201     3.770149     3.950982
    6.296190     6.315045     8.374319    11.181716     8.976501     9.711234     8.325725     7.208304     7.497463     7.740870     5.940751     5.173187     6.160671     7.695227     7.939008     6.332246    10.001185     8.917991     7.307297     8.375998     5.769147     5.132323     5.906029     6.145820     6.588345     5.462362     6.937315     6.503200     5.113199     5.775183     4.225804     4.062325     3.755051     3.895931     3.184821     4.713039     4.512304     5.831425     5.041926     5.473327     4.429376     3.146221     3.679623     3.448027     6.341149     7.663625     4.671885     4.036384     4.103436     4.820031     5.204687     4.402055     3.635570     4.385147     4.777065     6.872240     3.135241     3.099523     3.625158     5.435594     3.705571     3.318558     3.026524     3.257771     4.744149     4.095165     6.333921     5.746295     3.315841     5.340570     3.270766     2.531577     4.005993     3.674013     2.892191     2.640588     2.952000     4.255449     3.482148     2.713177     4.155986     3.168945     4.001012     2.458288     3.371734     3.901901     5.105153     2.715033     3.275561     2.917518     3.705585     3.495257     4.982027     4.489069     4.049197     3.803568     3.593910     3.057788     3.794711     3.999791
    6.818869     6.797571     9.019716    12.057429     9.619158    10.062761     8.571858     7.319537     7.740870     9.130012     6.601500     5.692491     6.617281     8.358759     8.486813     6.416224    10.159050     9.123766     7.675748     9.527763     6.411908     5.706106     6.465436     6.709516     7.223853     5.697759     7.176354     6.683371     5.445342     6.505089     4.729325     4.511099     4.083507     4.248158     3.387069     5.057958     4.818438     6.236868     5.475570     6.170646     5.007034     3.457697     3.993885     3.721058     6.955213     8.474772     5.051682     4.363386     4.513460     5.431719     5.877736     4.879317     4.057623     4.755962     5.316960     7.627197     3.443832     3.424247     4.038719     6.142252     4.128439     3.697268     3.336789     3.573644     5.277597     4.634756     7.266388     6.620674     3.791421     6.061829     3.597916     2.776603     4.455775     4.074673     3.324450     3.035148     3.449490     4.925548     4.011070     3.116851     4.535680     3.455045     4.444333     2.713894     3.770831     4.438222     5.910141     3.092376     3.744434     3.337811     3.992597     3.777914     5.444868     5.003503     4.530600     4.325358     4.114107     3.486229     4.371915     4.598694
   11.032361    10.621310    13.133380    15.715845    11.737961    10.867448     8.258140     6.348575     5.940751     6.601500    11.670262     9.770798     9.859070    10.484347    10.377612     6.320672     9.215748     7.893025     6.129864     7.311473    10.941221     9.464967     9.242958     8.581557     8.317654     5.702760     6.761962     5.720248     4.611260     5.253968     7.795729     7.003880     6.015419     5.658938     4.039409     5.167004     4.551495     5.554879     4.654893     5.279960     7.722954     5.347907     5.805066     5.034022     8.277460     9.170512     4.982447     4.125802     4.145097     4.904759     8.582681     6.902746     5.604283     5.888589     6.185637     8.341868     3.401300     3.231199     3.678978     5.900306     6.136662     5.442688     4.337641     4.452482     6.142278     5.142820     7.539930     6.676142     3.542872     5.772786     5.116283     3.791106     5.392925     4.860872     3.739445     3.306257     3.428000     4.906985     3.963415     2.944217     6.238214     4.679908     5.412794     3.278971     4.340106     4.706244     5.973498     3.180340     3.818029     3.405085     5.423850     5.033309     6.380068     5.548398     5.083140     4.662353     4.235552     3.435893     4.422655     4.633150
    9.408949     9.874852    12.681134    15.202792    11.231397     9.362122     7.057707     5.489889     5.173187     5.692491     9.770798     9.309353     9.650633    10.065373     9.752803     5.605804     7.792200     6.679967     5.220228     6.234573     9.212417     8.645896     8.644227     8.033297     7.689802     4.940290     5.706153     4.762226     3.992063     4.466082     6.696187     6.251652     5.454087     5.196243     3.692753     4.523097     3.867272     4.666775     3.903146     4.402404     6.597941     4.769974     5.091865     4.349168     7.148796     7.690549     4.219899     3.512914     3.526977     4.082083     7.229552     5.872596     4.789399     5.081680     5.303953     6.993619     2.871006     2.742181     3.143883     5.031395     5.149363     4.575906     3.732741     3.821816     5.256766     4.476529     6.339610     5.577424     2.987336     4.822625     4.269029     3.210464     4.625022     4.160565     3.201570     2.949582     3.024368     4.184841     3.368120     2.487597     5.259558     3.977823     4.752968     2.843878     3.712911     3.962334     5.242540     2.711382     3.212485     2.871280     4.645831     4.368659     5.498428     4.794783     4.392665     4.008677     3.653845     2.936601     3.716368     3.879179
    9.962681    10.703606    14.976200    18.545666    13.895473    11.025771     8.501042     6.650344     6.160671     6.617281     9.859070     9.650633    11.887715    12.766629    12.245307     6.994984     9.632973     8.085741     6.261895     7.321683     9.549044     9.101323    10.552245    10.074407     9.559820     6.091829     6.976045     5.871582     4.773473     5.280394     6.931454     6.831765     6.443472     6.383898     4.593700     5.550644     4.669376     5.671652     4.697734     5.248471     6.896309     5.328590     5.885279     5.138506     8.516776     8.973655     5.005534     4.138740     4.151171     4.827411     7.700799     6.441811     5.409126     6.099686     6.324246     8.109559     3.318107     3.129724     3.646321     5.853835     5.600662     5.082481     4.371928     4.511249     6.180573     5.268928     7.184828     6.188678     3.385360     5.583492     4.780779     3.665419     5.354302     4.849526     3.671167     3.355708     3.460786     4.778619     3.862482     2.910093     5.914565     4.570394     5.461745     3.306811     4.274215     4.463340     5.982326     3.161175     3.782756     3.361380     5.317088     5.052026     6.441981     5.592511     5.033348     4.495852     4.217603     3.482282     4.431511     4.596311
   10.670565    11.374478    16.827464    22.640725    17.409297    13.842099    10.730512     8.256212     7.695227     8.358759    10.484347    10.065373    12.766629    16.876284    15.961128     9.041579    12.404677    10.165203     7.717605     9.016666    10.305595     9.608012    12.124331    12.850352    12.575345     7.859028     9.041571     7.469887     5.840769     6.530830     7.527470     7.600361     7.561191     7.889592     5.871537     7.271171     6.067348     7.183001     5.977517     6.750120     7.628812     6.075474     6.891362     6.244679    10.638109    11.516906     6.441127     5.236523     5.260772     6.007480     8.512010     7.210716     6.264181     7.478407     7.925328    10.455220     4.271371     3.951982     4.508272     7.146883     6.240019     5.751385     5.230341     5.513986     7.643962     6.544416     9.160736     7.798570     4.144556     6.858993     5.465718     4.282261     6.562102     6.139927     4.547989     4.234151     4.491702     5.992780     4.818554     3.681039     6.885968     5.459515     6.637415     4.157609     5.374619     5.793026     7.775896     4.087459     4.831776     4.329273     6.158201     5.912450     7.881822     6.978008     6.290540     5.695926     5.510857     4.572325     5.766628     5.958609
   10.663323    11.149987    16.375931    22.039104    17.810976    14.553913    11.268326     8.561222     7.939008     8.486813    10.377612     9.752803    12.245307    15.961128    17.321799     9.588010    13.218756    10.691842     8.023917     9.354355    10.450069     9.578712    12.116662    12.969214    13.196040     8.448511     9.721090     8.020517     5.984375     6.710219     7.663967     7.723107     7.659468     8.135777     6.211150     7.761964     6.460239     7.602183     6.264270     7.045150     7.709073     6.084960     7.053282     6.501404    11.246056    12.027601     6.707286     5.472413     5.519226     6.222625     8.706107     7.232329     6.412759     7.782951     8.308855    10.975200     4.502798     4.227867     4.775109     7.445226     6.441521     5.912774     5.362295     5.794767     8.161110     6.897864     9.655883     8.295505     4.404624     7.232796     5.550706     4.384531     6.693377     6.191719     4.774285     4.414957     4.695287     6.356167     5.129043     3.885848     7.042851     5.586544     6.718366     4.230082     5.577262     6.065863     8.154784     4.292423     5.061339     4.511250     6.284849     5.998158     8.176731     7.277192     6.479563     5.924210     5.650545     4.781737     5.969150     6.180717
    6.696547     6.742774     9.375852    12.859158    10.713997    11.107561     9.168824     7.042009     6.332246     6.416224     6.320672     5.605804     6.994984     9.041579     9.588010     7.960348    11.347593     9.175140     6.791318     7.174811     6.307946     5.609887     6.736861     7.005669     7.586380     6.360755     7.757476     6.904993     4.802327     5.119247     4.499797     4.441289     4.250252     4.470361     3.696387     5.161337     4.806688     5.905872     4.819669     5.083725     4.551666     3.476488     4.012080     3.672396     6.504740     7.852369     4.753885     3.890849     3.786059     4.464558     5.159213     4.422676     3.647699     4.545138     4.876283     6.900785     3.099491     2.892788     3.265812     4.956240     3.767615     3.413941     3.028448     3.294357     4.814853     4.103443     6.047679     5.293109     2.941452     4.833751     3.423323     2.610040     3.981158     3.633384     2.824748     2.598828     2.794546     3.986676     3.212960     2.477797     4.360929     3.331476     3.951726     2.468365     3.374841     3.779096     4.856477     2.614906     3.138842     2.776570     3.980184     3.686600     4.949512     4.437380     3.878867     3.578193     3.426521     2.946326     3.697259     3.854535
    9.875020     9.575658    13.030771    17.914976    14.739008    16.411215    13.768408    10.780882    10.001185    10.159050     9.215748     7.792200     9.632973    12.404677    13.218756    11.347593    17.748689    14.575144    10.953576    11.517730     9.149473     8.008100     9.454697     9.819850    10.739316     9.543612    12.149095    11.080741     7.620255     8.240211     6.505706     6.430663     6.064768     6.284057     5.221844     7.755220     7.546062     9.533199     7.907503     8.392992     6.770299     5.036701     5.926434     5.423850     9.853792    12.528487     7.557495     6.331248     6.239143     7.391325     8.122627     6.972152     5.678545     6.864118     7.461900    10.958371     4.954659     4.742295     5.424439     8.216913     5.988677     5.477818     4.805992     5.119583     7.550827     6.470758     9.879561     8.785975     4.928977     8.052603     5.577842     4.214431     6.416179     5.832587     4.596151     4.172327     4.552356     6.526507     5.304141     4.097718     7.113309     5.459402     6.426666     4.055273     5.599464     6.361005     7.866491     4.282083     5.166607     4.557418     6.533098     5.998895     8.241139     7.429594     6.592998     5.999949     5.594504     4.830821     6.026604     6.333184
    8.425725     8.183808    10.920018    14.718833    11.919914    13.387511    11.418338     9.361608     8.917991     9.123766     7.893025     6.679967     8.085741    10.165203    10.691842     9.175140    14.575144    12.656426     9.795578    10.309695     7.722258     6.779906     7.809428     8.092032     8.841207     7.889579    10.030487     9.420014     6.812298     7.300709     5.581450     5.425820     5.065776     5.249421     4.350531     6.481716     6.287845     8.144588     6.873930     7.256295     5.814533     4.214142     4.970613     4.611425     8.446031    10.459820     6.391180     5.418160     5.402169     6.397753     7.009178     5.941052     4.867222     5.839106     6.300512     9.225128     4.195796     4.091268     4.719081     7.085769     5.110653     4.663354     4.114141     4.372317     6.401432     5.484728     8.353464     7.500941     4.268220     6.931513     4.689723     3.556409     5.404992     4.902979     3.871406     3.480245     3.810551     5.523376     4.509370     3.489260     5.934039     4.553351     5.436973     3.370210     4.633783     5.306359     6.592506     3.599318     4.311571     3.828662     5.407520     4.986625     6.870587     6.186262     5.482429     5.020634     4.650947     4.020738     4.994863     5.275595
    6.524478     6.380023     8.430829    11.148255     8.941605     9.915883     8.573897     7.309540     7.307297     7.675748     6.129864     5.220228     6.261895     7.717605     8.023917     6.791318    10.953576     9.795578     8.186813     8.712514     5.963215     5.277854     6.058408     6.264569     6.803679     5.974342     7.586188     7.314293     5.681150     6.086771     4.371824     4.227227     3.951793     4.080575     3.345781     4.978717     4.858272     6.424303     5.579150     5.902062     4.590946     3.272514     3.888567     3.628342     6.667611     8.102963     4.993702     4.302778     4.349309     5.171516     5.535747     4.625650     3.886086     4.589604     4.962150     7.179183     3.300328     3.265136     3.808364     5.668509     4.033852     3.636060     3.251257     3.461639     5.040598     4.296791     6.567077     5.893235     3.421393     5.491545     3.645537     2.758034     4.214988     3.821812     3.048963     2.701192     2.971938     4.303933     3.497466     2.717214     4.581984     3.445275     4.200365     2.556245     3.507251     4.076486     5.133558     2.748739     3.304466     2.961706     4.094639     3.796753     5.260836     4.727966     4.226979     3.904263     3.584565     3.083037     3.779027     4.043067
    7.634213     7.559527     9.988991    13.220693    10.502135    11.180184     9.506943     8.097893     8.375998     9.527763     7.311473     6.234573     7.321683     9.016666     9.354355     7.174811    11.517730    10.309695     8.712514    10.578158     7.109167     6.275546     7.143011     7.437040     7.987796     6.385501     8.116122     7.629408     6.202855     7.274517     5.198736     4.990956     4.587037     4.771869     3.812187     5.644241     5.400830     7.030435     6.210732     6.883459     5.485460     3.843115     4.495158     4.216780     7.843054     9.536542     5.688922     4.916547     5.060275     6.068438     6.530511     5.478678     4.550142     5.304128     5.900824     8.535815     3.871352     3.830579     4.497916     6.808340     4.664955     4.214877     3.739213     3.997572     5.901503     5.165495     8.099757     7.294398     4.188904     6.677663     4.128819     3.156132     4.936449     4.526056     3.666645     3.323288     3.776809     5.444211     4.418713     3.425074     5.204087     3.932815     4.878606     2.985602     4.149475     4.881484     6.466829     3.421823     4.126521     3.685855     4.604451     4.310984     6.097007     5.515368     5.037554     4.793023     4.486197     3.852999     4.742096     5.026178
   10.272608     9.929505    12.602555    15.433357    11.640957    10.688294     8.085320     6.102872     5.769147     6.411908    10.941221     9.212417     9.549044    10.305595    10.450069     6.307946     9.149473     7.722258     5.963215     7.109167    11.492967     9.504264     9.358214     8.579932     8.226108     5.756972     6.862725     5.666026     4.474595     5.089068     8.063678     7.234903     6.165372     5.813805     4.130953     5.274568     4.612559     5.581607     4.641961     5.287512     7.985338     5.476245     5.910763     5.120752     8.549116     9.316436     5.044360     4.126070     4.256895     4.874510     8.789020     6.933943     5.698546     5.992092     6.348018     8.502149     3.398038     3.267985     3.730333     5.939646     6.303672     5.536438     4.422061     4.570340     6.348289     5.284982     7.677189     6.704812     3.561510     5.872085     5.216298     3.898669     5.613740     5.025632     3.859474     3.427054     3.500375     4.929530     3.993626     2.981078     6.336406     4.862163     5.602864     3.414465     4.489739     4.816408     6.206217     3.218024     3.914300     3.484957     5.504995     5.118811     6.580684     5.783145     5.174732     4.770116     4.339714     3.497367     4.525259     4.737645
    9.015760     9.119954    11.566270    14.019429    10.519231     9.177295     7.064197     5.389133     5.132323     5.706106     9.464967     8.645896     9.101323     9.608012     9.578712     5.609887     8.008100     6.779906     5.277854     6.275546     9.504264     9.225236     8.950307     8.090469     7.559456     5.092373     5.932093     4.884229     3.904043     4.361760     7.105081     6.825069     5.874346     5.499540     3.802970     4.641405     3.979614     4.759999     3.932036     4.453270     7.028152     5.196785     5.557079     4.767872     7.766089     7.877719     4.351830     3.552765     3.661044     4.120148     7.735509     6.325480     5.262047     5.539243     5.741483     7.278391     2.963026     2.844706     3.252203     5.196873     5.487033     4.964258     4.008361     4.155209     5.684719     4.701305     6.726100     5.902193     3.131236     5.104297     4.478938     3.364514     4.889247     4.345796     3.386235     3.063105     3.142646     4.375717     3.520722     2.609633     5.453349     4.137079     4.901733     2.942937     3.859590     4.050511     5.475999     2.823594     3.403399     3.023010     4.772781     4.418443     5.596211     4.997378     4.497388     4.067177     3.737156     3.018518     3.872585     4.054768
    9.205743     9.508070    13.330483    16.746055    12.845920    10.412225     8.116118     6.249118     5.906029     6.465436     9.242958     8.644227    10.552245    12.124331    12.116662     6.736861     9.454697     7.809428     6.058408     7.143011     9.358214     8.950307    11.934856    10.884503     9.848933     6.205998     7.167030     5.902357     4.634097     5.098091     7.156708     7.245267     7.273571     7.152902     5.041956     5.913643     4.948752     5.844047     4.801585     5.429564     7.117733     5.779434     6.586489     5.780151     9.490620     9.449964     5.258729     4.283658     4.308223     4.884936     7.981761     6.770287     5.983937     6.724112     6.968879     8.668623     3.482271     3.290322     3.739165     5.906775     5.744559     5.367970     4.672539     4.885147     6.584696     5.338776     7.578110     6.376774     3.442665     5.729044     4.822857     3.750066     5.651681     5.093876     3.752442     3.357843     3.484591     4.837465     3.863318     2.912152     5.887710     4.689374     5.522882     3.432023     4.453829     4.556678     6.149752     3.187926     3.835819     3.398045     5.277575     5.045095     6.541334     5.783666     5.114174     4.501943     4.186302     3.530995     4.492564     4.661589
    8.720451     9.016175    13.209443    17.212356    13.390619    10.648926     8.295511     6.414173     6.145820     6.709516     8.581557     8.033297    10.074407    12.850352    12.969214     7.005669     9.819850     8.092032     6.264569     7.437040     8.579932     8.090469    10.884503    12.132234    10.751139     6.460657     7.502942     6.141010     4.736624     5.275762     6.531023     6.712028     7.084762     7.529322     5.419270     6.310612     5.226722     6.047030     5.015825     5.665004     6.574815     5.402062     6.389471     5.862650     9.910593     9.982754     5.510800     4.420115     4.509339     5.037840     7.565908     6.363088     5.747542     6.849521     7.119254     9.095016     3.601276     3.371278     3.827036     6.029463     5.427636     5.114406     4.653904     4.994367     6.827151     5.575531     7.701305     6.494519     3.468824     5.779901     4.678393     3.667586     5.642737     5.273640     3.869996     3.560773     3.669574     4.917134     3.930304     2.966534     5.898867     4.734905     5.578674     3.533078     4.568109     4.863905     6.584831     3.345532     3.884219     3.483520     5.306595     5.144659     6.791742     5.934574     5.327646     4.864660     4.486603     3.713530     4.631691     4.808283
    8.565933     8.843258    12.800996    17.231304    13.697231    11.297878     8.936245     6.909953     6.588345     7.223853     8.317654     7.689802     9.559820    12.575345    13.196040     7.586380    10.739316     8.841207     6.803679     7.987796     8.226108     7.559456     9.848933    10.751139    11.755892     7.127330     8.207122     6.759918     5.067137     5.735443     6.215287     6.252481     6.295529     6.871021     5.390716     6.693204     5.544546     6.488962     5.370897     6.011118     6.330153     4.953298     5.780881     5.436420     9.527521    10.683456     5.802915     4.654595     4.646447     5.287661     7.264807     5.934716     5.198206     6.375642     7.003427     9.726687     3.843849     3.538109     3.991384     6.209086     5.247243     4.786232     4.296995     4.732615     6.785490     5.733971     8.111827     6.897091     3.669471     5.980757     4.559840     3.538512     5.442296     5.038654     3.900186     3.632512     3.829679     5.141438     4.168183     3.156556     5.787017     4.543999     5.425298     3.395490     4.513159     5.040045     6.636793     3.426409     4.111675     3.703667     5.165146     4.937993     6.653252     5.915461     5.245481     4.964064     4.617233     3.908709     4.885242     5.084639
    5.999026     5.928702     8.103648    10.882954     8.891818     8.859793     7.455964     5.840434     5.462362     5.697759     5.702760     4.940290     6.091829     7.859028     8.448511     6.360755     9.543612     7.889579     5.974342     6.385501     5.756972     5.092373     6.205998     6.460657     7.127330     6.483686     7.282315     6.180381     4.232162     4.594753     4.250161     4.224668     4.046873     4.292260     3.638999     5.165595     4.622093     5.525636     4.508817     4.764302     4.332203     3.342423     3.859665     3.596088     6.362317     7.770467     4.575200     3.700437     3.624030     4.177839     4.822006     4.082715     3.533815     4.350336     4.733624     6.749265     2.946647     2.731400     3.081615     4.685398     3.505115     3.210144     2.879949     3.167412     4.632729     3.883342     5.814136     5.076832     2.771970     4.531528     3.149178     2.380984     3.667646     3.402836     2.646094     2.433338     2.632787     3.700249     3.036343     2.333357     3.988504     3.075059     3.732606     2.291104     3.136611     3.497421     4.545936     2.456884     2.994386     2.676515     3.641559     3.394301     4.576781     4.130622     3.674148     3.381956     3.230023     2.778958     3.545545     3.682490
    7.172696     6.977396     9.369997    12.729572    10.305799    11.115857     9.360880     7.281679     6.937315     7.176354     6.761962     5.706153     6.976045     9.041571     9.721090     7.757476    12.149095    10.030487     7.586188     8.116122     6.862725     5.932093     7.167030     7.502942     8.207122     7.282315     9.792908     8.018108     5.444007     5.933005     5.024124     4.963132     4.749183     5.008355     4.242998     6.260014     6.128099     7.295802     6.031806     6.408839     5.252422     3.897097     4.611671     4.298743     7.788419     9.874584     5.953319     4.927567     4.886603     5.599683     6.130582     5.254788     4.348014     5.269673     5.763780     8.619597     3.819165     3.691703     4.199087     6.252152     4.453886     4.180101     3.604151     3.884593     5.717834     4.804259     7.532976     6.744790     3.764001     5.974745     3.993956     3.048619     4.723998     4.292213     3.428516     3.129521     3.433014     4.846646     3.979631     3.040595     5.080408     3.929450     4.767752     2.982549     4.162790     4.690481     5.825330     3.169892     3.888077     3.428153     4.628812     4.302656     5.945892     5.434294     4.903163     4.480178     4.201224     3.642539     4.587182     4.795441
    6.169519     5.926198     7.835289    10.637437     8.718294     9.883449     8.422448     6.812086     6.503200     6.683371     5.720248     4.762226     5.871582     7.469887     8.020517     6.904993    11.080741     9.420014     7.314293     7.629408     5.666026     4.884229     5.902357     6.141010     6.759918     6.180381     8.018108     7.615901     5.222273     5.614536     4.040289     4.029248     3.853057     4.036036     3.452364     5.181377     5.266423     6.820818     5.696345     5.928149     4.195544     3.157632     3.762424     3.496744     6.435343     8.338419     5.271080     4.490153     4.426535     5.164482     5.023824     4.344641     3.620476     4.393451     4.767541     7.221930     3.369779     3.295890     3.802454     5.598150     3.677591     3.451167     3.012345     3.203603     4.742298     4.071066     6.371052     5.715473     3.324452     5.360854     3.418096     2.577262     3.916609     3.519081     2.773997     2.499187     2.795882     4.112860     3.378872     2.651287     4.348866     3.327153     3.914467     2.384275     3.329215     3.802704     4.738830     2.621973     3.183745     2.869690     3.974681     3.633116     4.957448     4.494786     3.967359     3.588107     3.336710     2.943695     3.664658     3.905120
    4.846091     4.855008     6.543459     8.563035     6.756044     7.081048     6.022464     5.093166     5.113199     5.445342     4.611260     3.992063     4.773473     5.840769     5.984375     4.802327     7.620255     6.812298     5.681150     6.202855     4.474595     3.904043     4.634097     4.736624     5.067137     4.232162     5.444007     5.222273     4.435726     4.599415     3.221699     3.129148     2.961478     3.051160     2.506982     3.670652     3.643318     4.759838     4.236247     4.454927     3.348052     2.441113     2.861651     2.660991     4.893005     6.018022     3.773497     3.259484     3.271131     3.917256     3.911259     3.393990     2.803556     3.301603     3.569008     5.240037     2.467879     2.438344     2.854324     4.245325     2.826047     2.609846     2.287970     2.442828     3.583538     3.083047     4.792450     4.244880     2.514563     4.070365     2.544559     1.926613     2.953711     2.731454     2.153921     1.899842     2.119152     3.124872     2.545662     2.014285     3.207593     2.451417     2.949721     1.805525     2.494123     2.861814     3.654858     1.974322     2.388733     2.166309     2.860240     2.679095     3.687607     3.295494     2.958435     2.728441     2.541075     2.205057     2.756699     2.942020
    5.493498     5.481783     7.277671     9.659198     7.564639     8.038812     6.707880     5.635042     5.775183     6.505089     5.253968     4.466082     5.280394     6.530830     6.710219     5.119247     8.240211     7.300709     6.086771     7.274517     5.089068     4.361760     5.098091     5.275762     5.735443     4.594753     5.933005     5.614536     4.599415     5.541117     3.605687     3.500422     3.227391     3.354841     2.750274     4.161281     4.105724     5.368647     4.855701     5.456489     3.765469     2.682901     3.154194     2.960350     5.545651     7.176849     4.344926     3.863200     3.980227     4.824214     4.424603     3.793780     3.125288     3.718934     4.134661     6.327245     2.914901     2.937526     3.514668     5.288943     3.185304     2.954978     2.568714     2.723604     4.092202     3.645772     5.885376     5.301759     3.191039     5.115740     2.878002     2.206667     3.439951     3.166113     2.541194     2.285615     2.665878     3.950882     3.254821     2.592913     3.689726     2.807858     3.406264     2.074458     2.930692     3.463522     4.470019     2.423855     2.987187     2.685350     3.284869     3.052675     4.261757     3.855813     3.519704     3.329319     3.164857     2.748390     3.441816     3.653711
