   14.336692    13.239540    18.775850    26.090296    20.189774    12.242431     9.924513     8.534748     7.842421     6.956842    13.770677    10.925315    11.088510    14.390102    12.937535     7.183060    11.494659     8.297964     6.827263     8.417226    10.553221    10.251985    10.820216    10.032799    10.463716     6.593411     7.889475     6.603122     5.874886     5.905952     8.416610     7.364056     6.467101     5.992834     4.703947     6.793917     5.311866     5.463141     5.537397     6.073643     8.537512     6.123159     6.233837     6.084443    10.264846     8.607663     6.016173     4.700007     4.735480     5.596688     9.356259     7.015808     5.726465     6.021488     7.308685     7.196943     4.351780     3.554975     4.539846     6.782670     6.739644     6.388558     4.778460     5.221670     6.504840     5.968816     7.953488     7.626977     3.628281     6.668064     5.837603     4.389428     5.615585     5.632630     4.046223     3.572341     4.129379     5.269474     4.381750     3.638779     6.999337     5.585343     6.405909     4.293764     4.735829     5.875821     5.682679     3.924129     4.132783     3.845476     5.975687     5.079660     9.484324     7.845519     7.350085     5.277222     4.739287     4.493739     4.725091     5.086776
   13.239540    13.557838    19.254399    26.408593    20.148039    11.838361     9.379597     8.031666     7.431547     6.658401    12.884900    10.925621    11.207315    14.424860    12.826156     6.920620    10.724487     7.750043     6.439907     7.981638     9.926221     9.992524    10.582475     9.963810    10.277838     6.266754     7.456210     6.197780     5.620599     5.654989     7.982430     7.109563     6.327228     5.922896     4.644254     6.555055     5.092537     5.217644     5.277177     5.858332     8.051633     5.849743     6.010987     5.863054     9.817772     8.175351     5.801733     4.529126     4.594556     5.411561     8.861527     6.676396     5.502944     5.925986     7.121224     6.742726     4.179970     3.488339     4.456982     6.603895     6.404495     6.032241     4.476598     4.975043     6.139197     5.573152     7.537401     7.233642     3.544533     6.439695     5.467355     4.091124     5.196757     5.318341     3.834870     3.455717     4.036395     5.147030     4.264082     3.558200     6.440473     5.192302     6.017463     4.063292     4.512871     5.620099     5.523382     3.793138     4.022465     3.725211     5.544298     4.748079     8.937155     7.383521     6.929348     5.036710     4.537599     4.309384     4.552706     4.915113
   18.775850    19.254399    31.666783    44.737079    34.327155    19.380571    15.047497    12.727473    11.839351    10.281585    17.726865    15.563702    17.670431    24.219107    21.643929    11.448867    17.447253    12.407715    10.208195    12.368987    13.893667    14.042065    16.695222    16.409934    16.992961    10.001530    11.869387     9.959873     8.792164     8.650712    11.126058    10.245757     9.573485     9.315264     7.345070    10.290862     7.826260     8.233802     8.260984     9.211211    11.460737     8.551335     9.015233     8.971293    15.280816    12.226502     8.773052     6.968639     7.238014     8.492656    13.085855    10.055384     8.272867     9.178100    11.110297    10.138729     6.465031     5.503436     7.036738    10.414593     9.613728     9.136442     7.120825     7.944401     9.852431     8.972259    11.943232    11.554917     5.694449    10.164851     8.409636     6.298178     8.310020     8.732792     6.163446     5.684937     6.628170     8.472806     6.997201     5.823253     9.785184     8.044382     9.722112     6.663984     7.314083     9.067242     8.961906     6.320482     6.666266     6.173597     8.468047     7.345329    14.128191    11.944798    11.338103     8.447739     7.666045     7.110123     7.459296     8.079331
   26.090296    26.408593    44.737079    66.791203    51.854802    29.180119    22.598330    18.993215    17.497733    15.069656    24.446922    21.213586    24.888189    36.450721    32.764737    17.419734    26.611069    18.662055    15.074974    18.145758    19.435288    19.477417    24.122699    24.371293    25.622711    14.942566    17.802160    14.970566    12.901314    12.571283    15.606356    14.449017    13.729518    13.643522    10.867725    15.420057    11.776232    12.304353    12.220194    13.521714    16.234753    12.162638    12.949804    13.112857    22.666460    18.273277    13.037722    10.340850    10.671251    12.477282    18.813554    14.492025    12.013766    13.486133    16.562804    15.221749     9.740439     8.162777    10.352712    15.340967    13.965698    13.429755    10.636645    11.883973    14.806511    13.507574    18.169717    17.569345     8.541141    15.187665    12.393931     9.389330    12.585540    13.254833     9.256637     8.655393    10.231914    12.966389    10.724527     8.858550    14.423330    11.893319    14.615124    10.114121    11.140644    13.794286    13.705869     9.646656    10.123439     9.349303    12.356267    10.727290    20.808734    17.761998    16.979936    12.806654    11.725692    10.894810    11.368190    12.283735
   20.189774    20.148039    34.327155    51.854802    42.324442    24.092499    18.911224    15.759877    14.181139    12.029836    18.828327    16.233984    19.222464    28.673029    26.755025    14.674006    22.325517    15.517400    12.236196    14.468713    15.101788    15.138401    18.996864    19.376737    20.580563    12.318741    14.725422    12.464093    10.366453     9.988200    12.282734    11.392393    10.812235    10.849089     8.752480    12.381110     9.615965    10.008327     9.741648    10.689649    12.869942     9.570504    10.167909    10.358010    18.014695    14.370325    10.339239     8.182722     8.330133     9.823718    14.972855    11.574784     9.396409    10.590651    13.035044    11.958000     7.722444     6.417568     8.073295    11.971189    11.082073    10.685671     8.400171     9.352473    11.696773    10.698756    14.297418    13.836231     6.700182    12.040453     9.792877     7.404407     9.982887    10.497818     7.323525     6.772954     8.028706    10.183257     8.455547     7.002868    11.440893     9.406471    11.550950     8.061652     8.929691    11.026121    10.894452     7.655652     8.028820     7.399060     9.728032     8.430046    16.417953    14.040904    13.450603    10.200063     9.344447     8.684584     9.062760     9.776103
   12.242431    11.838361    19.380571    29.180119    24.092499    18.203702    14.583662    12.250417    10.694034     8.759023    11.870248     9.775066    10.851910    16.055713    15.622791    10.538119    17.055340    12.112627     9.461927    10.687381     9.443902     9.197614    11.215866    11.109619    12.080920     8.774757    10.821074     9.746776     7.794628     7.459163     7.719263     6.976792     6.286058     6.289527     5.347433     8.266152     6.940205     7.550789     7.282998     7.628662     8.078152     5.786788     5.963197     5.938401    10.644037     9.520875     7.281831     5.836002     5.819012     6.847208     9.227817     7.290660     5.634687     6.158359     7.718437     7.753163     5.435356     4.437162     5.578419     8.182381     6.924946     6.644964     4.822029     5.544176     7.156443     6.725970     9.531122     9.209069     4.534094     8.254962     6.093339     4.620980     6.150484     6.524271     4.505778     4.197767     5.062028     6.477585     5.422804     4.588012     7.317982     5.897646     7.205144     5.000945     5.661565     6.986214     6.778270     4.845537     5.110862     4.722318     6.189136     5.227987    10.311416     8.834551     8.481614     6.346426     5.873267     5.440620     5.872138     6.284158
    9.924513     9.379597    15.047497    22.598330    18.911224    14.583662    12.690375    10.986868     9.603008     7.806598     9.745666     7.793831     8.486881    12.567959    12.510194     9.147551    15.149887    11.026292     8.593097     9.508078     7.630484     7.403029     9.044561     8.829599     9.843008     7.750609     9.544531     8.710592     6.944739     6.570898     6.275102     5.631561     5.061662     5.117598     4.446826     7.004696     5.945926     6.536630     6.292549     6.443536     6.612786     4.688055     4.814717     4.899550     8.903266     8.016027     6.163604     4.940625     4.845132     5.721516     7.374376     5.893961     4.488734     4.955757     6.307382     6.529348     4.484489     3.687761     4.622085     6.712665     5.452296     5.235435     3.749203     4.380134     5.727089     5.362183     7.753649     7.546190     3.744454     6.818160     4.804893     3.673382     4.986343     5.218376     3.666202     3.368789     4.059034     5.206356     4.408534     3.747659     5.818659     4.751420     5.883274     4.011945     4.572182     5.764566     5.502652     3.990183     4.208750     3.888600     4.974775     4.174283     8.247912     7.078113     6.915632     5.137950     4.830279     4.489330     4.884512     5.196679
    8.534748     8.031666    12.727473    18.993215    15.759877    12.250417    10.986868    10.334792     9.267405     7.520119     8.554840     6.707693     7.213976    10.590683    10.409293     7.867007    13.430639    10.202573     8.242632     9.176861     6.651196     6.403227     7.740885     7.521543     8.352494     6.832582     8.463870     7.942851     6.570778     6.268838     5.509456     4.896784     4.418463     4.438244     3.867841     6.166256     5.306598     5.959898     5.809252     5.877226     5.868619     4.122305     4.247108     4.348867     7.891514     7.129520     5.510421     4.514360     4.442144     5.207005     6.408708     5.133042     3.997982     4.340964     5.493102     5.844841     3.975380     3.354472     4.225890     6.064937     4.689333     4.550042     3.253141     3.815334     4.961247     4.611874     6.777640     6.620363     3.392217     6.176240     4.144997     3.112552     4.253511     4.518667     3.155164     2.876605     3.468083     4.452970     3.843199     3.323716     4.989559     4.027463     4.981053     3.375210     3.839638     4.939563     4.743975     3.442825     3.658164     3.428957     4.293786     3.561995     7.036049     6.013613     5.882997     4.404761     4.197951     3.883116     4.272622     4.537421
    7.842421     7.431547    11.839351    17.497733    14.181139    10.694034     9.603008     9.267405     9.261053     7.641530     7.899901     6.132318     6.678065     9.803464     9.428053     6.859564    12.053787     9.363049     7.966976     9.159624     6.066394     5.814123     7.134278     6.970490     7.758941     6.132909     7.740140     7.357269     6.381558     6.256591     5.126578     4.463615     4.122774     4.140176     3.528448     5.703619     4.949905     5.696181     5.720391     5.891041     5.578914     3.827341     4.012206     4.174079     7.620305     6.829912     5.337816     4.449524     4.487945     5.228762     6.070993     4.850949     3.876012     4.247779     5.251898     5.564247     3.844015     3.329694     4.297720     6.215363     4.461733     4.393364     3.217662     3.749188     4.823894     4.466413     6.605171     6.484333     3.421632     6.298932     3.915092     2.907829     4.063236     4.420402     3.098604     2.836372     3.407059     4.335493     3.785213     3.315017     4.730664     3.840804     4.786082     3.271722     3.737341     4.790510     4.608926     3.317827     3.499859     3.313373     4.091784     3.432488     6.985835     5.887509     5.754585     4.280071     4.076812     3.760580     4.089534     4.351326
    6.956842     6.658401    10.281585    15.069656    12.029836     8.759023     7.806598     7.520119     7.641530     7.263988     7.191105     5.587187     5.932697     8.481648     7.987914     5.476481     9.556531     7.519418     6.588755     8.266871     5.494411     5.332598     6.294154     6.085860     6.660977     5.034456     6.218453     5.878257     5.347634     5.602234     4.667369     4.030730     3.646990     3.588378     2.991104     4.803366     4.099871     4.677361     4.784215     5.055354     5.056999     3.326912     3.500089     3.570310     6.442101     5.744730     4.463918     3.696795     3.817145     4.525094     5.510916     4.261624     3.408748     3.641557     4.459929     4.742402     3.252613     2.856058     3.697029     5.333012     3.941460     3.863637     2.808815     3.184874     4.044139     3.839477     5.702253     5.595356     2.995279     5.459087     3.357199     2.451066     3.391738     3.613359     2.663081     2.499001     3.017644     3.863401     3.367453     2.928530     4.076042     3.236331     3.997815     2.658037     3.065381     3.997750     4.024173     2.863368     3.048861     2.874963     3.448393     2.881742     5.786662     4.853720     4.722162     3.564054     3.467702     3.248201     3.583208     3.801841
   13.770677    12.884900    17.726865    24.446922    18.828327    11.870248     9.745666     8.554840     7.899901     7.191105    14.669997    11.409358    10.732934    13.733694    12.265673     6.904028    11.330802     8.346074     6.976528     8.714881    11.284951    10.765951    10.568562     9.732658    10.033959     6.561195     7.832564     6.581882     5.956875     6.114017     9.102174     7.685247     6.519050     5.913831     4.608972     6.712284     5.282075     5.448310     5.574960     6.164070     9.199288     6.272963     6.310735     6.079054    10.150395     8.435444     5.875990     4.611509     4.757957     5.629150     9.957696     7.310139     5.913499     5.985979     7.139177     7.084527     4.220547     3.533244     4.529823     6.720287     7.054222     6.593289     4.672830     5.108356     6.295856     5.776950     7.792295     7.522836     3.578969     6.645539     5.895541     4.392575     5.444801     5.473709     4.009108     3.565622     4.116773     5.218825     4.361775     3.605380     7.006865     5.510181     6.147481     4.085385     4.571092     5.827702     5.698317     3.908095     4.122799     3.750962     5.935170     4.938595     9.013830     7.417249     7.095731     5.169844     4.737658     4.528117     4.833530     5.122331
   10.925315    10.925621    15.563702    21.213586    16.233984     9.775066     7.793831     6.707693     6.132318     5.587187    11.409358     9.885182     9.560382    11.868925    10.491236     5.705004     8.843681     6.487913     5.435768     6.725024     8.791454     8.960428     8.969575     8.237377     8.367794     5.189707     6.138256     5.152822     4.679357     4.783195     7.129383     6.245321     5.363688     4.893840     3.799999     5.293133     4.147200     4.305047     4.353178     4.856013     7.075350     5.015098     5.049799     4.783145     7.875974     6.480271     4.582802     3.617708     3.725604     4.412914     7.619377     5.687304     4.594272     4.735422     5.667404     5.426853     3.290849     2.805893     3.558883     5.205318     5.406742     4.980474     3.567868     3.941363     4.831839     4.368877     5.928767     5.689547     2.762880     5.051410     4.570111     3.388615     4.137189     4.180151     3.042985     2.765398     3.181706     4.042226     3.334630     2.779235     5.346587     4.208405     4.754073     3.162901     3.523461     4.417049     4.387978     3.005928     3.224877     2.944037     4.561038     3.845336     6.941345     5.756699     5.422516     3.949673     3.614964     3.449367     3.704823     3.969680
   11.088510    11.207315    17.670431    24.888189    19.222464    10.851910     8.486881     7.213976     6.678065     5.932697    10.732934     9.560382    11.292800    14.404839    12.607609     6.456014     9.636220     6.956016     5.742469     7.067866     8.505141     8.882191    10.518860     9.878831     9.874783     5.746363     6.645606     5.598381     4.979288     4.971198     6.845618     6.395511     5.985902     5.707062     4.381333     5.863356     4.431043     4.637035     4.614486     5.138988     6.896410     5.212458     5.507480     5.343304     8.835123     6.857949     4.873277     3.859580     3.982716     4.716886     7.606093     5.813020     4.921912     5.373735     6.370016     5.691465     3.517523     2.989824     3.838523     5.656283     5.485342     5.275489     4.147818     4.554451     5.538497     4.980206     6.456536     6.167652     3.058067     5.531920     4.737650     3.582376     4.643434     4.796865     3.368941     3.042494     3.520243     4.470370     3.693452     3.094830     5.554468     4.497009     5.293123     3.615516     3.936571     4.846820     4.883121     3.320531     3.525565     3.296969     4.749797     4.126156     7.785594     6.490982     6.115029     4.550186     4.137084     3.811704     3.964067     4.310930
   14.390102    14.424860    24.219107    36.450721    28.673029    16.055713    12.567959    10.590683     9.803464     8.481648    13.733694    11.868925    14.404839    22.298164    19.478143     9.882453    14.893563    10.518547     8.409524    10.150418    11.010870    11.277152    14.626019    15.022329    15.209467     8.673505    10.128012     8.417765     7.187229     7.002886     8.988618     8.490215     8.404744     8.401286     6.549812     8.882527     6.745472     6.893200     6.760945     7.516563     9.291262     7.123179     7.786865     7.848905    13.314994    10.110662     7.269510     5.761308     5.897330     6.837130    10.521656     8.299957     7.170496     7.956752     9.469566     8.547186     5.195317     4.400459     5.649638     8.385978     7.847938     7.737377     6.182571     6.843881     8.293369     7.419601     9.754974     9.277299     4.526766     8.247282     6.883475     5.256755     7.056976     7.463833     5.040004     4.713736     5.502785     6.854985     5.640569     4.711472     7.993012     6.606267     7.951105     5.534817     6.015628     7.438043     7.476802     5.134719     5.396727     5.014533     6.725035     5.822178    11.257801     9.487143     9.190887     6.965013     6.411278     5.899050     6.124706     6.622618
   12.937535    12.826156    21.643929    32.764737    26.755025    15.622791    12.510194    10.409293     9.428053     7.987914    12.265673    10.491236    12.607609    19.478143    19.198489     9.912329    15.026309    10.519711     8.201562     9.733997     9.928450    10.125186    13.240890    13.742505    14.512924     8.681957    10.179508     8.537884     7.031722     6.755011     8.216303     7.810062     7.661461     7.826215     6.346546     8.713607     6.719865     6.888057     6.620979     7.207243     8.564828     6.559518     7.123285     7.245778    12.470865     9.582459     7.052144     5.600775     5.644662     6.536548     9.589241     7.616504     6.575586     7.334620     8.848406     8.057135     5.015608     4.226655     5.378896     7.980126     7.111163     7.091019     5.622318     6.306429     7.757539     6.935296     9.217302     8.853819     4.333719     7.890744     6.237429     4.776890     6.464479     6.845348     4.657656     4.358358     5.127176     6.478613     5.359439     4.474153     7.365179     6.041261     7.393503     5.141787     5.655074     6.865027     6.879469     4.758364     5.085214     4.707120     6.221125     5.366408    10.374773     8.825130     8.422851     6.375322     5.878713     5.431749     5.735928     6.215351
    7.183060     6.920620    11.448867    17.419734    14.674006    10.538119     9.147551     7.867007     6.859564     5.476481     6.904028     5.705004     6.456014     9.882453     9.912329     7.470262    11.660019     8.300326     6.339620     6.708828     5.573054     5.422738     6.850597     6.930411     7.656991     6.090468     7.384266     6.628341     5.150478     4.664510     4.511708     4.140157     3.851618     4.017479     3.545126     5.384407     4.554680     4.911901     4.601948     4.626963     4.707698     3.469014     3.589170     3.686981     6.666131     5.831940     4.574245     3.642629     3.474573     4.057051     5.079452     4.087754     3.207595     3.619072     4.711493     4.737432     3.253123     2.650725     3.255980     4.675756     3.752116     3.648157     2.658691     3.136101     4.088584     3.748228     5.475722     5.306522     2.615128     4.683699     3.403140     2.584198     3.459959     3.656769     2.518649     2.375037     2.845333     3.613706     3.044215     2.571969     4.075536     3.351199     4.075564     2.774401     3.136288     3.952021     3.865494     2.768084     2.920466     2.718350     3.501063     2.981322     5.715823     4.929259     4.791240     3.565370     3.354245     3.113071     3.362709     3.612062
   11.494659    10.724487    17.447253    26.611069    22.325517    17.055340    15.149887    13.430639    12.053787     9.556531    11.330802     8.843681     9.636220    14.893563    15.026309    11.660019    20.282562    14.607036    11.373675    11.995275     8.937381     8.632367    10.679459    10.596683    11.846102    10.151162    12.896328    11.827418     9.169828     8.343853     7.489255     6.648564     6.074090     6.249159     5.480627     9.020235     7.933429     8.782288     8.416179     8.497163     8.090622     5.659044     5.866039     6.120292    11.431776    10.338624     8.130427     6.602371     6.426965     7.516502     8.955100     7.203138     5.629472     6.139926     7.975826     8.396323     5.851728     4.867591     6.084605     8.821806     6.807297     6.660817     4.737874     5.563175     7.344404     6.816096    10.169709     9.959751     4.903256     8.967656     6.225269     4.621515     6.276285     6.705236     4.679420     4.399336     5.328056     6.727274     5.723894     4.850043     7.516685     6.151648     7.359404     5.076832     5.827904     7.446564     7.061807     5.112911     5.393496     4.934253     6.543580     5.478069    10.622679     9.140014     9.048247     6.663569     6.276714     5.768620     6.305159     6.693360
    8.297964     7.750043    12.407715    18.662055    15.517400    12.112627    11.026292    10.202573     9.363049     7.519418     8.346074     6.487913     6.956016    10.518547    10.519711     8.300326    14.607036    11.147271     8.907191     9.382299     6.470906     6.265192     7.634830     7.537475     8.432274     7.390506     9.337181     8.829896     7.123281     6.512699     5.486199     4.838557     4.391927     4.506163     3.969734     6.515570     5.767760     6.577070     6.383232     6.395220     5.920864     4.091431     4.228931     4.398858     8.182680     7.435659     5.931317     4.915972     4.810731     5.627737     6.422623     5.160886     4.059618     4.349943     5.609463     6.062400     4.213827     3.605426     4.551401     6.540959     4.776324     4.687994     3.323582     3.912629     5.128850     4.737098     7.194538     7.048745     3.600070     6.628451     4.302572     3.185041     4.352333     4.695036     3.275437     3.056154     3.681330     4.657708     4.015315     3.479230     5.193901     4.231945     5.146880     3.503308     4.022722     5.253850     4.916144     3.569909     3.777852     3.497668     4.545672     3.801825     7.390914     6.328000     6.286451     4.644160     4.414731     4.034654     4.432987     4.710146
    6.827263     6.439907    10.208195    15.074974    12.236196     9.461927     8.593097     8.242632     7.966976     6.588755     6.976528     5.435768     5.742469     8.409524     8.201562     6.339620    11.373675     8.907191     7.746450     8.300864     5.359448     5.232134     6.226916     6.057188     6.676571     5.784315     7.306564     7.113121     6.170960     5.735460     4.558184     4.006357     3.634727     3.656423     3.131847     5.152596     4.593236     5.401368     5.425812     5.465489     4.950228     3.402450     3.526945     3.642659     6.745374     6.030572     4.844501     4.098286     4.088547     4.818753     5.388814     4.242811     3.448892     3.660401     4.647321     4.978041     3.499318     3.049044     3.888341     5.576331     4.007801     3.920388     2.801452     3.282429     4.261775     3.945203     6.019077     5.869189     3.066272     5.585023     3.566151     2.591802     3.567609     3.889267     2.715072     2.546630     3.070875     3.847318     3.330418     2.891835     4.274313     3.425573     4.245009     2.849311     3.249203     4.166015     3.954412     2.845905     3.024547     2.822950     3.689015     3.078953     6.005416     5.078994     5.009372     3.691751     3.488566     3.209492     3.486395     3.740422
    8.417226     7.981638    12.368987    18.145758    14.468713    10.687381     9.508078     9.176861     9.159624     8.266871     8.714881     6.725024     7.067866    10.150418     9.733997     6.708828    11.995275     9.382299     8.300864    10.161991     6.656836     6.454709     7.598835     7.394210     8.097212     6.284119     7.863362     7.464792     6.768063     6.900341     5.691648     4.946921     4.510299     4.449722     3.708432     5.972454     5.157738     5.919052     6.070288     6.338011     6.178789     4.157071     4.361595     4.444341     8.084370     7.215237     5.556496     4.651868     4.768783     5.686828     6.733084     5.247271     4.277885     4.521538     5.548198     5.953692     4.063381     3.558055     4.629309     6.706090     4.932074     4.871546     3.503989     3.984977     5.081432     4.781946     7.171391     7.012915     3.725999     6.781828     4.294962     3.090656     4.269423     4.574990     3.297529     3.095832     3.755527     4.772703     4.159336     3.606806     5.223801     4.127337     5.017687     3.341676     3.840112     4.950653     4.889698     3.481935     3.743499     3.513888     4.430823     3.674615     7.177894     5.993909     5.843604     4.410303     4.233402     3.958094     4.325918     4.619667
   10.553221     9.926221    13.893667    19.435288    15.101788     9.443902     7.630484     6.651196     6.066394     5.494411    11.284951     8.791454     8.505141    11.010870     9.928450     5.573054     8.937381     6.470906     5.359448     6.656836     9.749726     8.774018     8.498734     7.803247     7.940217     5.176370     6.222739     5.128426     4.579389     4.675152     7.599436     6.368557     5.316403     4.814564     3.723291     5.347589     4.141628     4.251025     4.321648     4.832418     7.640225     5.177304     5.126164     4.900733     8.166311     6.636236     4.610266     3.626700     3.788277     4.437197     8.112514     5.866762     4.788633     4.833417     5.711209     5.555895     3.360551     2.816036     3.595588     5.343189     5.807555     5.373033     3.789550     4.124109     5.053449     4.651672     6.260940     6.051927     2.871696     5.337828     4.816065     3.583735     4.424358     4.444002     3.156812     2.827477     3.331293     4.198913     3.515979     2.898620     5.655127     4.520119     4.859323     3.240581     3.591219     4.524111     4.507055     3.048241     3.263313     2.960326     4.698973     3.944791     7.191187     5.849844     5.494288     4.085994     3.701052     3.513619     3.753544     4.019068
   10.251985     9.992524    14.042065    19.477417    15.138401     9.197614     7.403029     6.403227     5.814123     5.332598    10.765951     8.960428     8.882191    11.277152    10.125186     5.422738     8.632367     6.265192     5.232134     6.454709     8.774018     9.369421     9.209796     8.258072     8.062522     5.082220     6.129086     5.000237     4.448362     4.538544     7.351331     6.650473     5.666418     5.063200     3.787870     5.266303     4.109758     4.156733     4.203001     4.748721     7.378062     5.365705     5.401048     5.144844     8.397153     6.515558     4.481718     3.500981     3.638802     4.321280     7.821482     5.925505     5.019029     5.103674     6.011771     5.542026     3.272352     2.733617     3.486761     5.173298     5.562263     5.407626     3.927617     4.313104     5.216550     4.642017     6.134502     5.859489     2.753682     5.165575     4.621431     3.525802     4.391924     4.411590     3.136227     2.829417     3.288299     4.046575     3.360436     2.781617     5.414729     4.341187     4.904097     3.282766     3.616359     4.424918     4.541702     2.983936     3.205769     2.894929     4.570500     3.836211     7.111996     5.913311     5.495648     4.019031     3.697964     3.456082     3.730731     3.971759
   10.820216    10.582475    16.695222    24.122699    18.996864    11.215866     9.044561     7.740885     7.134278     6.294154    10.568562     8.969575    10.518860    14.626019    13.240890     6.850597    10.679459     7.634830     6.226916     7.598835     8.498734     9.209796    12.594018    11.302972    10.705241     6.404487     7.563441     6.230647     5.380439     5.267407     7.401290     7.048668     7.058098     6.687125     4.980230     6.630707     5.069695     5.130153     5.030920     5.620472     7.581828     5.960610     6.442531     6.322239    10.359606     7.524412     5.316710     4.152327     4.205555     5.027291     8.168057     6.567769     5.804873     6.221940     7.291566     6.316053     3.721463     3.096752     4.035341     6.008386     5.899871     6.009524     4.731397     5.247332     6.291530     5.462155     7.004596     6.595912     3.181709     6.057986     4.975841     3.893800     5.154060     5.351434     3.651898     3.313697     3.827849     4.805236     3.924528     3.307442     5.884773     4.863039     5.747261     3.961990     4.314628     5.238266     5.307425     3.575337     3.817663     3.542803     5.092293     4.352799     8.372086     6.999502     6.624283     4.897751     4.550226     4.197417     4.448549     4.780436
   10.032799     9.963810    16.409934    24.371293    19.376737    11.109619     8.829599     7.521543     6.970490     6.085860     9.732658     8.237377     9.878831    15.022329    13.742505     6.930411    10.596683     7.537475     6.057188     7.394210     7.803247     8.258072    11.302972    12.208644    11.217956     6.315936     7.453368     6.150486     5.245325     5.053101     6.778018     6.467702     6.745564     6.892864     5.216135     6.744823     5.109996     5.062174     4.885235     5.430765     7.056476     5.543797     6.139086     6.220902    10.410785     7.377269     5.268268     4.108294     4.173024     4.870329     7.738373     6.186485     5.551368     6.127707     7.215739     6.201383     3.635944     3.050871     3.992683     5.956944     5.619456     5.729370     4.577672     5.169267     6.216386     5.390275     6.770332     6.327536     3.142766     5.938271     4.848569     3.711494     4.976527     5.365881     3.600981     3.374988     3.795511     4.709166     3.865002     3.275730     5.738195     4.678963     5.618229     3.890300     4.196033     5.123585     5.284466     3.523344     3.783477     3.512832     4.947803     4.294740     8.085627     6.643818     6.385349     4.776487     4.442299     4.138156     4.340242     4.700445
   10.463716    10.277838    16.992961    25.622711    20.580563    12.080920     9.843008     8.352494     7.758941     6.660977    10.033959     8.367794     9.874783    15.209467    14.512924     7.656991    11.846102     8.432274     6.676571     8.097212     7.940217     8.062522    10.705241    11.217956    12.657424     7.215562     8.343039     6.860903     5.705252     5.569025     6.686461     6.187851     6.182005     6.482797     5.389059     7.421630     5.566458     5.603459     5.394377     5.846203     7.015129     5.266688     5.742198     5.960643    10.331306     8.317218     5.867530     4.549074     4.607913     5.292187     7.718246     6.034043     5.233959     5.876892     7.298726     6.965297     4.130692     3.434797     4.478374     6.661022     5.631707     5.609462     4.467010     5.146235     6.459527     5.791178     7.615445     7.269732     3.616115     6.692867     4.918911     3.755115     5.162687     5.492748     3.826053     3.616191     4.190124     5.290982     4.402905     3.738510     5.920780     4.821326     5.980492     4.092725     4.532089     5.630456     5.677392     3.881781     4.219566     3.906855     5.079699     4.374916     8.499361     7.132839     6.863112     5.166116     4.770343     4.425514     4.833236     5.199244
    6.593411     6.266754    10.001530    14.942566    12.318741     8.774757     7.750609     6.832582     6.132909     5.034456     6.561195     5.189707     5.746363     8.673505     8.681957     6.090468    10.151162     7.390506     5.784315     6.284119     5.176370     5.082220     6.404487     6.315936     7.215562     6.327797     7.161723     6.106475     4.740900     4.401270     4.370233     3.936434     3.712861     3.843501     3.472988     5.462220     4.481000     4.692408     4.419673     4.505687     4.636839     3.386634     3.519408     3.627529     6.513602     6.003017     4.523941     3.545941     3.405300     3.950313     4.888390     3.878197     3.244228     3.576178     4.570092     4.829082     3.120626     2.547184     3.192684     4.624040     3.610943     3.527197     2.654958     3.112183     4.028160     3.695281     5.384266     5.203581     2.533814     4.684547     3.208175     2.397583     3.248240     3.459172     2.370116     2.267006     2.750389     3.516899     2.977416     2.534275     3.938997     3.176640     3.828529     2.562459     2.915443     3.707933     3.671433     2.628613     2.886237     2.609441     3.466859     2.902777     5.529778     4.649276     4.599315     3.404486     3.251397     3.006722     3.405760     3.578900
    7.889475     7.456210    11.869387    17.802160    14.725422    10.821074     9.544531     8.463870     7.740140     6.218453     7.832564     6.138256     6.645606    10.128012    10.179508     7.384266    12.896328     9.337181     7.306564     7.863362     6.222739     6.129086     7.563441     7.453368     8.343039     7.161723     9.621359     7.941069     6.124097     5.605480     5.402046     4.781950     4.434982     4.562434     4.088203     6.693488     5.936650     6.221155     5.937701     6.089322     5.829639     4.077719     4.229874     4.408572     8.154071     7.663885     5.976753     4.736659     4.647216     5.384318     6.231614     4.987331     3.960023     4.429577     5.659715     6.137805     4.134777     3.448875     4.400097     6.367706     4.652961     4.649798     3.351964     3.894032     5.085735     4.652184     7.075188     6.936992     3.443351     6.381623     4.166333     3.069518     4.160711     4.437985     3.115784     2.969286     3.629416     4.611674     3.928039     3.374133     5.064298     4.128540     4.796505     3.303480     3.818891     4.929377     4.761345     3.407494     3.751069     3.357020     4.411516     3.710807     7.287789     6.154611     6.088689     4.459613     4.227295     3.912204     4.416597     4.658607
    6.603122     6.197780     9.959873    14.970566    12.464093     9.746776     8.710592     7.942851     7.357269     5.878257     6.581882     5.152822     5.598381     8.417765     8.537884     6.628341    11.827418     8.829896     7.113121     7.464792     5.128426     5.000237     6.230647     6.150486     6.860903     6.106475     7.941069     7.564101     5.899704     5.372547     4.331467     3.868927     3.560553     3.697875     3.306222     5.537340     5.091915     5.878447     5.643256     5.644064     4.693527     3.284456     3.404971     3.579175     6.775971     6.324831     5.234287     4.370391     4.291551     4.974525     5.070053     4.058377     3.278079     3.629090     4.631983     5.100619     3.636964     3.159482     4.044948     5.799928     3.822196     3.794026     2.734166     3.233698     4.267859     3.927019     6.074946     5.954517     3.124423     5.773119     3.492240     2.550374     3.485905     3.817805     2.615770     2.486483     3.041155     3.894502     3.371140     2.969335     4.275183     3.427725     4.088569     2.799299     3.231276     4.165361     3.935119     2.874879     3.132206     2.880622     3.738439     3.113871     6.074632     5.158720     5.082870     3.673416     3.511433     3.274029     3.650419     3.891997
    5.874886     5.620599     8.792164    12.901314    10.366453     7.794628     6.944739     6.570778     6.381558     5.347634     5.956875     4.679357     4.979288     7.187229     7.031722     5.150478     9.169828     7.123281     6.170960     6.768063     4.579389     4.448362     5.380439     5.245325     5.705252     4.740900     6.124097     5.899704     5.417991     4.947458     3.855422     3.405758     3.126708     3.161154     2.719348     4.421343     3.997999     4.670035     4.786911     4.827654     4.164100     2.887118     2.987133     3.099996     5.770402     5.213610     4.246837     3.617227     3.625091     4.293409     4.450742     3.527503     2.870295     3.149579     4.005079     4.255011     3.013302     2.648050     3.429351     4.928351     3.277302     3.249761     2.341912     2.769577     3.627558     3.349861     5.109028     4.928657     2.649611     4.867338     2.938648     2.102447     2.920594     3.230404     2.282394     2.167954     2.607340     3.290776     2.840478     2.506289     3.588723     2.850352     3.438559     2.338729     2.684240     3.439819     3.324361     2.421756     2.602002     2.424855     3.102472     2.599767     5.068022     4.249857     4.126797     3.009730     2.894604     2.733402     2.988474     3.212421
    5.905952     5.654989     8.650712    12.571283     9.988200     7.459163     6.570898     6.268838     6.256591     5.602234     6.114017     4.783195     4.971198     7.002886     6.755011     4.664510     8.343853     6.512699     5.735460     6.900341     4.675152     4.538544     5.267407     5.053101     5.569025     4.401270     5.605480     5.372547     4.947458     5.180921     3.935942     3.436484     3.081543     3.043273     2.581711     4.237281     3.786560     4.456299     4.673641     5.015068     4.251824     2.846814     2.944324     3.028191     5.618975     5.151644     4.123582     3.578630     3.701311     4.474226     4.536770     3.505735     2.847292     3.121302     3.885325     4.184908     2.958949     2.695330     3.551772     5.112962     3.274235     3.237519     2.298539     2.687610     3.510507     3.337520     5.122219     5.024012     2.791890     5.095319     2.872427     2.017746     2.822911     3.090953     2.267543     2.142154     2.646301     3.434533     3.000638     2.665027     3.526252     2.771133     3.313762     2.240940     2.628196     3.427946     3.387156     2.493308     2.712962     2.520488     3.018797     2.500677     5.026030     4.180731     4.062622     3.016247     2.945104     2.845822     3.126064     3.328964
