9.995E-05 9.995E-05 9.995E-05 0.9994 9.995E-05 9.995E-05 9.995E-05
9.9955E-05 9.9955E-05 9.9955E-05 9.9955E-05 9.9955E-05 0.289541 0.709959
0.0841689 9.99642E-05 9.99642E-05 9.99642E-05 0.166866 0.748565 9.99642E-05
0.232809 9.99732E-05 9.99732E-05 0.0624031 0.691366 9.99732E-05 0.013122
9.9955E-05 9.9955E-05 0.080794 9.9955E-05 9.9955E-05 0.918706 9.9955E-05
9.9964E-05 0.21514 9.9964E-05 0.752936 0.0315246 9.9964E-05 9.9964E-05
9.99549E-05 9.99549E-05 9.99549E-05 9.99549E-05 9.99549E-05 0.246827 0.752673
0.180932 0.0368666 0.0433552 9.99819E-05 0.492202 0.246444 9.99819E-05
9.99641E-05 9.99641E-05 0.376555 0.00986174 9.99641E-05 9.99641E-05 0.613184
0.357126 9.9982E-05 9.9982E-05 0.0136271 0.400662 0.174287 0.0540983
9.99549E-05 9.99549E-05 0.125765 9.99549E-05 9.99549E-05 9.99549E-05 0.873735
0.0139992 0.698998 9.99729E-05 0.242881 9.99729E-05 0.043822 9.99729E-05
0.270174 9.9973E-05 9.9973E-05 0.66163 0.0596453 9.9973E-05 0.00825056
0.0288957 0.678582 0.152504 0.108938 9.9982E-05 0.0308801 9.9982E-05
0.935012 0.0311786 9.9964E-05 9.9964E-05 0.0334095 9.9964E-05 9.9964E-05
9.99731E-05 0.894496 0.0169262 0.0774692 9.99731E-05 0.0108092 9.99731E-05
0.0172407 0.661474 0.120285 0.138333 0.00279811 0.0326593 0.0272104
9.996E-05 9.996E-05 0.085392 0.0105252 9.996E-05 9.996E-05 0.903683
9.9955E-05 9.9955E-05 9.9955E-05 9.9955E-05 9.9955E-05 0.302629 0.696871
9.99549E-05 9.99549E-05 9.99549E-05 9.99549E-05 9.99549E-05 0.902204 0.0972965
9.99553E-05 0.67221 9.99553E-05 9.99553E-05 9.99553E-05 9.99553E-05 0.32729
9.995E-05 9.995E-05 9.995E-05 0.9994 9.995E-05 9.995E-05 9.995E-05
0.696575 9.9973E-05 9.9973E-05 9.9973E-05 0.106117 0.158115 0.0388937
9.99641E-05 9.99641E-05 0.784945 9.99641E-05 0.0900225 0.124633 9.99641E-05
0.238987 9.99551E-05 9.99551E-05 9.99551E-05 0.760513 9.99551E-05 9.99551E-05
9.99731E-05 0.0821303 0.36398 0.0301568 9.99731E-05 9.99731E-05 0.523433
0.389232 9.9973E-05 0.0432912 0.438471 0.128707 9.9973E-05 9.9973E-05
9.995E-05 0.9994 9.995E-05 9.995E-05 9.995E-05 9.995E-05 9.995E-05
9.995E-05 9.995E-05 9.995E-05 0.9994 9.995E-05 9.995E-05 9.995E-05
9.99729E-05 0.00808884 9.99729E-05 0.0401718 9.99729E-05 0.0483154 0.903124
0.941686 9.99552E-05 0.0578147 9.99552E-05 9.99552E-05 9.99552E-05 9.99552E-05
9.9955E-05 0.346435 9.9955E-05 0.653065 9.9955E-05 9.9955E-05 9.9955E-05
9.99819E-05 0.0216187 9.99819E-05 0.0485814 0.00663047 0.0533593 0.86961
9.99821E-05 0.108087 0.0692818 0.599205 0.201189 9.99821E-05 0.0220371
9.99549E-05 9.99549E-05 9.99549E-05 9.99549E-05 9.99549E-05 0.349604 0.649897
0.438609 9.9955E-05 9.9955E-05 9.9955E-05 9.9955E-05 0.560891 9.9955E-05
9.995E-05 9.995E-05 0.9994 9.995E-05 9.995E-05 9.995E-05 9.995E-05
0.344976 9.9973E-05 0.0317228 0.561592 0.061409 9.9973E-05 9.9973E-05
9.9955E-05 0.704838 9.9955E-05 9.9955E-05 9.9955E-05 9.9955E-05 0.294662
9.99639E-05 0.823623 9.99639E-05 0.111968 9.99639E-05 0.064009 9.99639E-05
0.0968633 0.049722 9.9964E-05 0.853015 9.9964E-05 9.9964E-05 9.9964E-05
0.332398 9.99551E-05 9.99551E-05 9.99551E-05 0.667103 9.99551E-05 9.99551E-05
9.99642E-05 9.99642E-05 0.223288 9.99642E-05 9.99642E-05 0.262577 0.513735
0.525145 9.99639E-05 9.99639E-05 0.241332 0.233123 9.99639E-05 9.99639E-05
9.9955E-05 0.226717 9.9955E-05 0.772783 9.9955E-05 9.9955E-05 9.9955E-05
9.99639E-05 0.231872 9.99639E-05 0.758992 9.99639E-05 0.00873579 9.99639E-05
9.9982E-05 0.0175837 0.00393457 0.02674 9.9982E-05 0.891488 0.060054
9.99552E-05 9.99552E-05 9.99552E-05 9.99552E-05 9.99552E-05 0.0599958 0.939504
9.9955E-05 9.9955E-05 9.9955E-05 9.9955E-05 9.9955E-05 0.24019 0.759311
0.010487 9.99549E-05 9.99549E-05 0.989013 9.99549E-05 9.99549E-05 9.99549E-05
0.110246 0.0336441 9.99821E-05 0.590872 0.257985 9.99821E-05 0.00705289
0.0328534 0.684299 0.141112 0.100855 9.9982E-05 0.0406812 9.9982E-05
9.99641E-05 0.970816 9.99641E-05 0.0186504 9.99641E-05 9.99641E-05 0.0101339
0.752408 9.99639E-05 0.00819782 9.99639E-05 9.99639E-05 0.238994 9.99639E-05
0.157872 0.0467187 0.0344229 9.99819E-05 0.537163 0.223624 9.99819E-05
0.329092 9.99729E-05 9.99729E-05 9.99729E-05 0.415934 0.179164 0.0755094
0.198833 0.0297838 9.99732E-05 9.99732E-05 0.151849 0.619234 9.99732E-05
0.9994 9.995E-05 9.995E-05 9.995E-05 9.995E-05 9.995E-05 9.995E-05
9.9982E-05 0.0828267 0.0995159 0.17199 0.618037 0.0274307 9.9982E-05
9.99548E-05 9.99548E-05 9.99548E-05 9.99548E-05 9.99548E-05 0.876281 0.123219
9.99821E-05 0.100092 0.0403888 0.624893 0.173183 9.99821E-05 0.0612432
0.00189577 0.1084 0.0277521 0.620932 0.227509 9.9991E-05 0.0134109
0.201548 0.0205019 9.9982E-05 0.761478 0.0120675 9.9982E-05 0.00420455
0.142697 0.111224 9.9991E-05 0.682273 0.0526324 0.00868626 0.00238644
9.9955E-05 9.9955E-05 9.9955E-05 0.052385 0.947115 9.9955E-05 9.9955E-05
0.961472 0.0188808 9.99641E-05 9.99641E-05 0.0192479 9.99641E-05 9.99641E-05
9.99639E-05 9.99639E-05 9.99639E-05 0.123444 0.826503 9.99639E-05 0.0496535
9.995E-05 9.995E-05 9.995E-05 0.9994 9.995E-05 9.995E-05 9.995E-05
0.03036 0.967622 9.9964E-05 0.00161783 9.9964E-05 9.9964E-05 9.9964E-05
0.240598 9.9964E-05 9.9964E-05 0.60058 0.158422 9.9964E-05 9.9964E-05
0.207317 0.0066434 9.9964E-05 9.9964E-05 9.9964E-05 0.78564 9.9964E-05
9.99551E-05 0.0253336 9.99551E-05 0.974167 9.99551E-05 9.99551E-05 9.99551E-05
0.202777 9.9955E-05 9.9955E-05 0.796724 9.9955E-05 9.9955E-05 9.9955E-05
0.96584 9.99641E-05 0.0167239 0.0170359 9.99641E-05 9.99641E-05 9.99641E-05
9.99729E-05 9.99729E-05 0.00982925 0.0103998 9.99729E-05 0.877729 0.101742
9.9964E-05 0.0188952 9.9964E-05 9.9964E-05 9.9964E-05 0.515636 0.465069
0.74536 9.99639E-05 9.99639E-05 0.00213857 9.99639E-05 0.252102 9.99639E-05
9.9964E-05 0.839862 9.9964E-05 0.0443773 9.9964E-05 9.9964E-05 0.115361
0.0026392 0.644336 0.14971 0.051963 9.9991E-05 0.0199503 0.131301
0.9994 9.995E-05 9.995E-05 9.995E-05 9.995E-05 9.995E-05 9.995E-05
9.99643E-05 9.99643E-05 0.201581 9.99643E-05 9.99643E-05 0.295122 0.502897
9.995E-05 9.995E-05 0.9994 9.995E-05 9.995E-05 9.995E-05 9.995E-05
9.99638E-05 0.555739 9.99638E-05 0.07513 9.99638E-05 9.99638E-05 0.368731
0.53949 9.99639E-05 9.99639E-05 0.238341 0.221769 9.99639E-05 9.99639E-05
0.307977 9.99551E-05 9.99551E-05 9.99551E-05 0.691523 9.99551E-05 9.99551E-05
9.99641E-05 0.773262 9.99641E-05 9.99641E-05 0.0555297 9.99641E-05 0.170808
9.995E-05 9.995E-05 9.995E-05 0.9994 9.995E-05 9.995E-05 9.995E-05
0.727994 9.9973E-05 0.0548493 0.0204318 0.196425 9.9973E-05 9.9973E-05
0.170828 9.9955E-05 9.9955E-05 9.9955E-05 0.828672 9.9955E-05 9.9955E-05
0.191715 9.99641E-05 9.99641E-05 9.99641E-05 0.798458 0.00942671 9.99641E-05
9.995E-05 9.995E-05 9.995E-05 0.9994 9.995E-05 9.995E-05 9.995E-05
0.608126 9.9964E-05 9.9964E-05 9.9964E-05 0.0155804 0.375894 9.9964E-05
9.99549E-05 9.99549E-05 9.99549E-05 9.99549E-05 9.99549E-05 0.914334 0.0851658
0.9994 9.995E-05 9.995E-05 9.995E-05 9.995E-05 9.995E-05 9.995E-05
9.9964E-05 0.898529 0.00707771 0.0939933 9.9964E-05 9.9964E-05 9.9964E-05
9.9964E-05 9.9964E-05 0.747291 9.9964E-05 0.107325 0.144984 9.9964E-05
9.99821E-05 0.00196179 0.119639 0.213437 0.645427 0.019336 9.99821E-05
9.995E-05 9.995E-05 9.995E-05 9.995E-05 9.995E-05 0.9994 9.995E-05
9.9955E-05 0.525148 9.9955E-05 9.9955E-05 9.9955E-05 9.9955E-05 0.474352
0.972739 9.99551E-05 9.99551E-05 9.99551E-05 9.99551E-05 9.99551E-05 0.0267614
9.99729E-05 0.0225462 9.99729E-05 0.0345336 0.0287032 9.99729E-05 0.913917
9.995E-05 0.9994 9.995E-05 9.995E-05 9.995E-05 9.995E-05 9.995E-05
9.99729E-05 0.00659867 0.04887 9.99729E-05 0.516052 0.42818 9.99729E-05
0.167016 9.99641E-05 9.99641E-05 0.687103 0.14548 9.99641E-05 9.99641E-05
0.71967 9.9973E-05 0.00407839 0.063234 0.212718 9.9973E-05 9.9973E-05
0.309089 9.9955E-05 9.9955E-05 9.9955E-05 9.9955E-05 0.690411 9.9955E-05
9.99549E-05 0.682014 9.99549E-05 9.99549E-05 9.99549E-05 9.99549E-05 0.317486
0.277836 9.99731E-05 9.99731E-05 0.00683968 0.271752 0.443272 9.99731E-05
9.995E-05 9.995E-05 9.995E-05 0.9994 9.995E-05 9.995E-05 9.995E-05
9.99731E-05 0.311241 0.158462 0.461729 9.99731E-05 0.0682685 9.99731E-05
9.99732E-05 0.373247 9.99732E-05 0.614852 0.0036177 9.99732E-05 0.00798371
9.99641E-05 0.224808 9.99641E-05 0.733143 0.0416484 9.99641E-05 9.99641E-05
9.99552E-05 9.99552E-05 9.99552E-05 9.99552E-05 9.99552E-05 0.976413 0.0230871
9.99639E-05 9.99639E-05 0.0742128 9.99639E-05 0.502007 0.42338 9.99639E-05
9.99548E-05 9.99548E-05 9.99548E-05 0.14539 0.85411 9.99548E-05 9.99548E-05
9.9955E-05 0.352792 9.9955E-05 0.646708 9.9955E-05 9.9955E-05 9.9955E-05
9.99643E-05 0.0668415 0.0408563 9.99643E-05 9.99643E-05 9.99643E-05 0.891902
0.10129 9.99642E-05 9.99642E-05 9.99642E-05 0.151348 0.746962 9.99642E-05
0.727272 9.99549E-05 9.99549E-05 9.99549E-05 9.99549E-05 0.272228 9.99549E-05
0.910677 0.0488886 9.99641E-05 9.99641E-05 0.0400341 9.99641E-05 9.99641E-05
9.99549E-05 9.99549E-05 9.99549E-05 9.99549E-05 9.99549E-05 0.858776 0.140724
0.0827131 0.0480121 9.99641E-05 0.868875 9.99641E-05 9.99641E-05 9.99641E-05
9.99548E-05 0.623168 9.99548E-05 9.99548E-05 9.99548E-05 9.99548E-05 0.376332
9.995E-05 9.995E-05 0.9994 9.995E-05 9.995E-05 9.995E-05 9.995E-05
9.9964E-05 0.265071 0.0574654 9.9964E-05 9.9964E-05 9.9964E-05 0.677063
9.99551E-05 9.99551E-05 9.99551E-05 9.99551E-05 9.99551E-05 0.0105368 0.988963
9.99822E-05 0.529437 0.252237 0.0618687 0.122892 9.99822E-05 0.0333651
9.9982E-05 0.0444045 0.218547 0.103325 0.600548 0.0329757 9.9982E-05
0.304109 9.9955E-05 9.9955E-05 9.9955E-05 9.9955E-05 0.695391 9.9955E-05
9.99551E-05 9.99551E-05 9.99551E-05 9.99551E-05 9.99551E-05 0.0281062 0.971394
0.000911264 0.350271 9.99729E-05 0.0937821 9.99729E-05 9.99729E-05 0.554735
9.99638E-05 9.99638E-05 0.0883329 9.99638E-05 0.499822 0.411445 9.99638E-05
9.99821E-05 0.0111905 0.0999683 0.0220739 9.99821E-05 0.689879 0.176688
9.9982E-05 0.312887 9.9982E-05 0.646265 0.0249387 0.00944956 0.00625981
9.9955E-05 9.9955E-05 0.00320493 0.996295 9.9955E-05 9.9955E-05 9.9955E-05
9.9955E-05 0.279004 9.9955E-05 0.720496 9.9955E-05 9.9955E-05 9.9955E-05
9.99729E-05 0.178309 9.99729E-05 9.99729E-05 0.0207685 0.0146605 0.785962
0.415203 9.9964E-05 9.9964E-05 0.00347698 9.9964E-05 0.58092 9.9964E-05
9.996E-05 9.996E-05 0.0916803 0.00826449 9.996E-05 9.996E-05 0.899655
0.301292 9.99729E-05 9.99729E-05 9.99729E-05 0.446498 0.190953 0.0609573
9.99552E-05 0.623024 9.99552E-05 9.99552E-05 9.99552E-05 9.99552E-05 0.376476
9.995E-05 0.9994 9.995E-05 9.995E-05 9.995E-05 9.995E-05 9.995E-05
0.207549 9.9964E-05 9.9964E-05 0.602498 0.189553 9.9964E-05 9.9964E-05
9.99641E-05 0.195603 9.99641E-05 0.745469 0.058528 9.99641E-05 9.99641E-05
9.9964E-05 0.239285 9.9964E-05 0.689231 0.0710844 9.9964E-05 9.9964E-05
9.99551E-05 0.0260593 9.99551E-05 0.973441 9.99551E-05 9.99551E-05 9.99551E-05
9.99551E-05 0.896599 9.99551E-05 0.102901 9.99551E-05 9.99551E-05 9.99551E-05
9.9964E-05 0.855269 0.00251138 0.14182 9.9964E-05 9.9964E-05 9.9964E-05
0.611082 0.0132198 9.9973E-05 9.9973E-05 0.014544 0.360854 9.9973E-05
9.9964E-05 0.257498 9.9964E-05 0.731195 9.9964E-05 0.0109073 9.9964E-05
0.601481 0.013663 9.99821E-05 9.99821E-05 0.212371 0.134251 0.0380347
9.9964E-05 0.167602 9.9964E-05 0.731895 0.100104 9.9964E-05 9.9964E-05
0.9994 9.995E-05 9.995E-05 9.995E-05 9.995E-05 9.995E-05 9.995E-05
9.996E-05 0.300381 0.166485 9.996E-05 9.996E-05 9.996E-05 0.532734
0.215854 9.9964E-05 9.9964E-05 0.61887 0.164876 9.9964E-05 9.9964E-05
0.592894 9.99641E-05 9.99641E-05 9.99641E-05 0.023001 0.383706 9.99641E-05
9.99552E-05 0.908059 9.99552E-05 0.0914412 9.99552E-05 9.99552E-05 9.99552E-05
0.208184 9.9964E-05 9.9964E-05 0.47679 0.314626 9.9964E-05 9.9964E-05
9.99821E-05 0.0305937 0.0511032 0.0278486 9.99821E-05 0.742457 0.147797
9.99551E-05 9.99551E-05 9.99551E-05 0.00186521 0.997635 9.99551E-05 9.99551E-05
9.99639E-05 0.298045 9.99639E-05 0.675955 9.99639E-05 0.0256007 9.99639E-05
9.99551E-05 0.35982 9.99551E-05 0.63968 9.99551E-05 9.99551E-05 9.99551E-05
0.118872 9.99731E-05 0.00299918 0.874616 9.99731E-05 9.99731E-05 0.00321319
9.995E-05 9.995E-05 9.995E-05 9.995E-05 0.9994 9.995E-05 9.995E-05
9.99553E-05 9.99553E-05 9.99553E-05 9.99553E-05 9.99553E-05 0.997834 0.00166665
9.99729E-05 0.111605 0.0702036 0.197466 0.620426 9.99729E-05 9.99729E-05
0.960897 0.00247807 9.99731E-05 9.99731E-05 0.0262478 9.99731E-05 0.010077
9.9955E-05 9.9955E-05 9.9955E-05 9.9955E-05 9.9955E-05 0.983132 0.0163685
9.99549E-05 0.675007 9.99549E-05 9.99549E-05 9.99549E-05 9.99549E-05 0.324494
9.99639E-05 9.99639E-05 0.0571017 9.99639E-05 0.507187 0.435312 9.99639E-05
9.995E-05 0.9994 9.995E-05 9.995E-05 9.995E-05 9.995E-05 9.995E-05
9.9982E-05 9.9982E-05 0.150795 0.0621051 0.00505339 0.609447 0.1724
9.99551E-05 9.99551E-05 0.02561 0.97389 9.99551E-05 9.99551E-05 9.99551E-05
9.99731E-05 0.272701 0.16239 0.488406 9.99731E-05 0.0762034 9.99731E-05
9.99548E-05 0.608907 9.99548E-05 9.99548E-05 9.99548E-05 9.99548E-05 0.390593
9.9955E-05 0.779094 9.9955E-05 9.9955E-05 9.9955E-05 9.9955E-05 0.220406
0.200325 9.9955E-05 9.9955E-05 0.799175 9.9955E-05 9.9955E-05 9.9955E-05
0.139892 0.0941978 9.99731E-05 0.672983 0.0926271 9.99731E-05 9.99731E-05
9.99731E-05 9.99731E-05 0.0413329 0.0718789 9.99731E-05 0.736131 0.150357
0.0250716 0.686132 9.99729E-05 0.247431 9.99729E-05 0.0410653 9.99729E-05
0.423589 9.9955E-05 9.9955E-05 9.9955E-05 9.9955E-05 0.575911 9.9955E-05
9.995E-05 9.995E-05 9.995E-05 0.9994 9.995E-05 9.995E-05 9.995E-05
0.0122976 0.695319 0.11353 0.0600018 9.9982E-05 9.9982E-05 0.118652
9.99731E-05 0.117353 0.0242974 9.99731E-05 0.00106324 9.99731E-05 0.856987
9.99644E-05 9.99644E-05 0.159637 9.99644E-05 9.99644E-05 0.334151 0.505812
0.309214 9.9955E-05 9.9955E-05 9.9955E-05 9.9955E-05 0.690286 9.9955E-05
0.00751072 0.0526036 0.0404922 0.60393 0.226763 0.0202194 0.048482
9.99729E-05 0.611589 0.0207723 0.0450917 9.99729E-05 9.99729E-05 0.322247
9.99549E-05 0.679984 9.99549E-05 9.99549E-05 9.99549E-05 9.99549E-05 0.319516
9.9955E-05 0.237273 9.9955E-05 0.762228 9.9955E-05 9.9955E-05 9.9955E-05
9.99551E-05 9.99551E-05 9.99551E-05 9.99551E-05 9.99551E-05 0.154514 0.844986
9.99731E-05 0.409709 0.270791 9.99731E-05 0.0193422 9.99731E-05 0.299857
0.136466 0.019928 0.0758474 9.99819E-05 0.562773 0.204786 9.99819E-05
0.510386 9.99639E-05 9.99639E-05 0.25027 0.238944 9.99639E-05 9.99639E-05
0.47622 9.99729E-05 0.0515931 0.193986 0.2779 9.99729E-05 9.99729E-05
0.0148928 0.350091 0.254465 0.015903 0.0247937 9.9991E-05 0.339755
9.995E-05 9.995E-05 0.9994 9.995E-05 9.995E-05 9.995E-05 9.995E-05
0.56565 0.0190964 9.9964E-05 9.9964E-05 9.9964E-05 0.414853 9.9964E-05
9.9991E-05 0.0343067 0.147723 0.0689644 0.0126448 0.652311 0.0839501
0.446103 9.9964E-05 9.9964E-05 0.0137165 9.9964E-05 0.539781 9.9964E-05
