9.99641E-05 9.99641E-05 0.86937 9.99641E-05 0.13023 9.99641E-05
0.264717 0.734883 9.99639E-05 9.99639E-05 9.99639E-05 9.99639E-05
0.820253 9.99732E-05 0.0336789 9.99732E-05 9.99732E-05 0.145768
9.99822E-05 0.114987 0.019306 9.99822E-05 0.193645 0.671862
0.919196 0.0804039 9.9964E-05 9.9964E-05 9.9964E-05 9.9964E-05
9.996E-05 9.996E-05 9.996E-05 9.996E-05 0.9995 9.996E-05
0.203054 0.796546 9.99639E-05 9.99639E-05 9.99639E-05 9.99639E-05
0.42087 9.9991E-05 0.0522613 0.0409802 0.0813802 0.404409
0.0238205 0.832735 0.143145 9.99731E-05 9.99731E-05 9.99731E-05
0.231775 0.0812763 9.9982E-05 9.9982E-05 0.0839993 0.60275
9.9973E-05 0.954599 0.00349812 9.9973E-05 0.0416033 9.9973E-05
0.0467092 9.99819E-05 0.152138 0.662102 0.13885 9.99819E-05
9.9982E-05 9.9982E-05 0.616723 0.0132034 0.122968 0.246906
0.120696 0.0106732 0.0646457 0.688063 0.095483 0.0204393
9.9964E-05 9.9964E-05 9.9964E-05 0.0253742 9.9964E-05 0.974226
9.99731E-05 9.99731E-05 0.0606017 0.882981 0.0561178 9.99731E-05
0.0601731 0.038621 0.0867236 0.64136 0.172194 0.000927714
9.99729E-05 0.967535 0.012713 9.99729E-05 0.0194517 9.99729E-05
0.262289 0.737311 9.9964E-05 9.9964E-05 9.9964E-05 9.9964E-05
0.852158 0.147442 9.99639E-05 9.99639E-05 9.99639E-05 9.99639E-05
9.99642E-05 0.324385 9.99642E-05 0.675215 9.99642E-05 9.99642E-05
9.996E-05 9.996E-05 0.9995 9.996E-05 9.996E-05 9.996E-05
0.122339 0.0950104 9.9982E-05 0.00273453 9.9982E-05 0.779716
0.482198 0.125351 0.232461 9.9991E-05 0.107471 0.0524191
9.99643E-05 9.99643E-05 9.99643E-05 9.99643E-05 0.145277 0.854323
9.99731E-05 0.733333 0.151169 0.115198 9.99731E-05 9.99731E-05
9.9964E-05 9.9964E-05 0.552729 9.9964E-05 9.9964E-05 0.446871
9.996E-05 9.996E-05 9.996E-05 0.9995 9.996E-05 9.996E-05
9.996E-05 9.996E-05 0.9995 9.996E-05 9.996E-05 9.996E-05
0.013526 0.933647 9.99819E-05 0.0232387 0.0293886 9.99819E-05
9.99731E-05 9.99731E-05 0.0183514 0.023096 9.99731E-05 0.958253
9.996E-05 9.996E-05 9.996E-05 9.996E-05 0.9995 9.996E-05
0.0187767 0.918048 0.0352398 0.0206176 0.00721806 9.9991E-05
9.99731E-05 0.0126204 9.99731E-05 9.99731E-05 0.846239 0.14084
0.320221 0.679379 9.99639E-05 9.99639E-05 9.99639E-05 9.99639E-05
0.576398 9.9964E-05 9.9964E-05 9.9964E-05 9.9964E-05 0.423203
0.354921 0.301283 0.195778 9.9991E-05 0.138931 0.00898703
9.9982E-05 0.0151333 0.636751 9.9982E-05 0.026282 0.321633
9.99641E-05 0.23998 9.99641E-05 0.75962 9.99641E-05 9.99641E-05
0.0455087 9.9982E-05 0.114296 0.825957 0.0140388 9.9982E-05
9.9982E-05 9.9982E-05 0.760645 0.066159 0.15002 0.0229767
9.99732E-05 0.0176312 9.99732E-05 9.99732E-05 0.138095 0.843974
0.275222 0.681694 0.0427837 9.99732E-05 9.99732E-05 9.99732E-05
9.99639E-05 9.99639E-05 0.370408 9.99639E-05 9.99639E-05 0.629192
9.9973E-05 9.9973E-05 0.232298 0.0624388 0.704963 9.9973E-05
9.9973E-05 9.9973E-05 0.258925 0.0692566 0.671519 9.9973E-05
0.850707 0.148893 9.99639E-05 9.99639E-05 9.99639E-05 9.99639E-05
0.00602556 0.993575 9.99641E-05 9.99641E-05 9.99641E-05 9.99641E-05
0.181593 0.818007 9.9964E-05 9.9964E-05 9.9964E-05 9.9964E-05
9.996E-05 9.996E-05 0.9995 9.996E-05 9.996E-05 9.996E-05
9.99821E-05 0.0204549 0.413322 9.99821E-05 0.30786 0.258163
0.122859 9.9991E-05 0.0865102 0.663436 0.116682 0.010413
9.996E-05 9.996E-05 9.996E-05 0.9995 9.996E-05 9.996E-05
0.288406 9.99639E-05 9.99639E-05 9.99639E-05 9.99639E-05 0.711195
0.389085 9.9991E-05 0.0614649 0.0575644 0.091475 0.400311
0.220972 0.0885997 9.9982E-05 9.9982E-05 0.074204 0.616025
0.723549 9.99821E-05 0.00935466 0.0148147 9.99821E-05 0.252082
9.996E-05 9.996E-05 9.996E-05 9.996E-05 9.996E-05 0.9995
0.151046 0.0668583 0.166965 0.0727587 0.235759 0.306613
0.790997 0.208603 9.99639E-05 9.99639E-05 9.99639E-05 9.99639E-05
9.99821E-05 0.0317161 0.032566 9.99821E-05 0.796821 0.138697
9.99731E-05 9.99731E-05 0.0286496 9.99731E-05 0.813236 0.157815
9.9982E-05 9.9982E-05 0.792388 0.0331864 0.0343405 0.139885
9.9982E-05 9.9982E-05 0.364202 0.0334389 0.407136 0.195023
9.99821E-05 0.154316 0.0638268 9.99821E-05 0.307304 0.474353
9.9964E-05 9.9964E-05 9.9964E-05 0.0118217 9.9964E-05 0.987778
9.9982E-05 0.181189 0.151547 9.9982E-05 0.21872 0.448344
9.996E-05 9.996E-05 0.9995 9.996E-05 9.996E-05 9.996E-05
0.00243476 9.9982E-05 9.9982E-05 0.969804 0.0194133 0.00814776
9.99731E-05 9.99731E-05 0.598344 9.99731E-05 0.0761106 0.325246
0.790768 9.9973E-05 9.9973E-05 9.9973E-05 0.0423732 0.166559
9.9964E-05 9.9964E-05 0.47028 9.9964E-05 0.52932 9.9964E-05
9.9982E-05 9.9982E-05 0.831529 0.0165158 0.021765 0.12999
9.9964E-05 9.9964E-05 0.0321168 9.9964E-05 9.9964E-05 0.967483
0.837336 0.162264 9.99639E-05 9.99639E-05 9.99639E-05 9.99639E-05
0.450225 0.540687 0.008788 9.9973E-05 9.9973E-05 9.9973E-05
0.27282 9.99729E-05 0.0204586 9.99729E-05 9.99729E-05 0.706421
9.9982E-05 0.0683771 0.0110365 0.884761 0.0356258 9.9982E-05
0.0423868 0.182774 0.0853639 0.689276 9.99821E-05 9.99821E-05
9.996E-05 9.996E-05 9.996E-05 9.996E-05 9.996E-05 0.9995
0.386241 0.613359 9.99643E-05 9.99643E-05 9.99643E-05 9.99643E-05
0.32417 0.32027 0.222289 9.9991E-05 0.0718978 0.0612722
9.99729E-05 0.339685 0.0684397 0.591576 9.99729E-05 9.99729E-05
9.99639E-05 9.99639E-05 0.382807 9.99639E-05 9.99639E-05 0.616793
9.99731E-05 0.0108228 9.99731E-05 9.99731E-05 0.15638 0.832497
9.99731E-05 0.117815 9.99731E-05 0.855917 9.99731E-05 0.0259676
9.996E-05 9.996E-05 0.9995 9.996E-05 9.996E-05 9.996E-05
9.9964E-05 9.9964E-05 0.148596 9.9964E-05 9.9964E-05 0.851005
9.99821E-05 0.0871384 9.99821E-05 0.0034343 0.148434 0.760793
0.0596468 0.0532367 9.99821E-05 9.99821E-05 0.159003 0.727913
9.996E-05 9.996E-05 0.9995 9.996E-05 9.996E-05 9.996E-05
0.37284 9.9964E-05 9.9964E-05 9.9964E-05 9.9964E-05 0.62676
0.845143 0.154457 9.99639E-05 9.99639E-05 9.99639E-05 9.99639E-05
9.996E-05 9.996E-05 9.996E-05 9.996E-05 9.996E-05 0.9995
9.9973E-05 9.9973E-05 0.05062 0.843232 0.105848 9.9973E-05
0.491415 0.138918 0.231528 9.9991E-05 0.0749873 0.0630509
0.0998803 0.0713554 0.164742 9.99911E-05 0.308174 0.355748
0.9927 0.00689983 9.9964E-05 9.9964E-05 9.9964E-05 9.9964E-05
9.9964E-05 0.405539 9.9964E-05 0.594061 9.9964E-05 9.9964E-05
9.9964E-05 9.9964E-05 0.0545269 9.9964E-05 9.9964E-05 0.945073
9.99729E-05 0.929646 0.0175197 0.0525342 9.99729E-05 9.99729E-05
9.996E-05 9.996E-05 9.996E-05 0.9995 9.996E-05 9.996E-05
0.644427 9.9982E-05 0.128497 0.0371508 9.9982E-05 0.189726
9.9982E-05 9.9982E-05 0.657063 0.0318748 0.110413 0.20045
9.9964E-05 9.9964E-05 0.188687 9.9964E-05 9.9964E-05 0.810913
0.744383 9.9964E-05 9.9964E-05 9.9964E-05 9.9964E-05 0.255217
9.99639E-05 0.274217 9.99639E-05 0.725383 9.99639E-05 9.99639E-05
0.483322 0.0477705 0.0781964 9.99821E-05 9.99821E-05 0.390511
9.9964E-05 9.9964E-05 0.83421 9.9964E-05 0.165391 9.9964E-05
0.132698 9.9982E-05 0.117173 0.143024 0.606904 9.9982E-05
9.99642E-05 9.99642E-05 9.99642E-05 0.0257625 0.973838 9.99642E-05
9.996E-05 9.996E-05 9.996E-05 9.996E-05 0.9995 9.996E-05
0.911577 0.0880228 9.99641E-05 9.99641E-05 9.99641E-05 9.99641E-05
0.667982 9.9982E-05 0.134732 0.0157654 9.9982E-05 0.181321
0.0463087 0.0939585 0.0665909 9.9991E-05 0.338983 0.454059
9.99639E-05 9.99639E-05 9.99639E-05 0.0389837 0.960616 9.99639E-05
9.99643E-05 0.920783 9.99643E-05 0.0788174 9.99643E-05 9.99643E-05
0.82638 9.99732E-05 9.99732E-05 0.00707469 9.99732E-05 0.166246
0.293994 9.99729E-05 0.000211641 9.99729E-05 9.99729E-05 0.705495
9.9973E-05 9.9973E-05 0.0250107 0.0372871 9.9973E-05 0.937402
0.798557 0.201044 9.99639E-05 9.99639E-05 9.99639E-05 9.99639E-05
0.00711461 9.9991E-05 0.781903 0.0661867 0.1387 0.00599554
9.99639E-05 0.282153 9.99639E-05 0.717447 9.99639E-05 9.99639E-05
0.324827 0.321278 0.226013 0.0186558 0.0866213 0.0226052
9.99729E-05 0.687047 9.99729E-05 0.292096 0.0205572 9.99729E-05
9.996E-05 0.9995 9.996E-05 9.996E-05 9.996E-05 9.996E-05
0.066638 0.15529 9.99911E-05 0.474982 0.241579 0.061411
0.267898 9.9991E-05 0.152188 0.055125 0.207641 0.317047
0.732433 9.9964E-05 9.9964E-05 9.9964E-05 9.9964E-05 0.267167
9.996E-05 0.9995 9.996E-05 9.996E-05 9.996E-05 9.996E-05
9.99819E-05 0.499964 0.0238388 0.430909 0.0450879 9.99819E-05
0.629066 9.9982E-05 0.152028 0.0111985 9.9982E-05 0.207508
0.687914 0.244088 0.0481369 0.0159266 0.00383444 9.9991E-05
9.9973E-05 0.00182851 9.9973E-05 0.0207663 0.977105 9.9973E-05
9.9964E-05 9.9964E-05 0.439197 9.9964E-05 0.560403 9.9964E-05
9.9973E-05 9.9973E-05 0.194283 0.0811255 0.724291 9.9973E-05
9.99729E-05 0.801725 9.99729E-05 0.196575 0.00139963 9.99729E-05
0.605968 9.9973E-05 9.9973E-05 0.00694877 9.9973E-05 0.386783
9.9973E-05 0.972753 0.0148994 9.9973E-05 0.0120476 9.9973E-05
0.209373 0.102779 9.9982E-05 9.9982E-05 0.0969547 0.590694
9.99641E-05 0.360636 9.99641E-05 0.638964 9.99641E-05 9.99641E-05
9.996E-05 9.996E-05 9.996E-05 0.9995 9.996E-05 9.996E-05
9.9973E-05 9.9973E-05 0.550019 9.9973E-05 0.131783 0.317898
9.9964E-05 9.9964E-05 0.0216153 9.9964E-05 0.977985 9.9964E-05
9.9973E-05 9.9973E-05 9.9973E-05 0.00287721 0.954884 0.0419387
9.9964E-05 9.9964E-05 0.475235 9.9964E-05 0.524365 9.9964E-05
9.99702E-05 9.99702E-05 9.99702E-05 0.799868 0.199732 9.99702E-05
9.9973E-05 9.9973E-05 0.0490245 0.827053 0.123623 9.9973E-05
0.372162 9.99639E-05 9.99639E-05 9.99639E-05 9.99639E-05 0.627438
9.9973E-05 9.9973E-05 0.169332 0.0737772 0.75659 9.9973E-05
0.144336 0.0503169 9.99821E-05 0.0412323 9.99821E-05 0.763915
9.9964E-05 9.9964E-05 9.9964E-05 9.9964E-05 0.969785 0.0298148
9.996E-05 9.996E-05 9.996E-05 9.996E-05 9.996E-05 0.9995
9.99645E-05 0.632375 9.99645E-05 0.367225 9.99645E-05 9.99645E-05
9.99731E-05 9.99731E-05 0.591917 9.99731E-05 0.12356 0.284223
0.373762 9.9964E-05 9.9964E-05 9.9964E-05 9.9964E-05 0.625839
9.99731E-05 9.99731E-05 0.0432969 0.908768 0.0476357 9.99731E-05
0.0203478 9.9982E-05 0.481246 9.9982E-05 0.124425 0.373781
0.733266 0.188815 0.0198494 0.0347936 0.0231758 9.9991E-05
9.99733E-05 0.179536 9.99733E-05 9.99733E-05 0.317228 0.502936
9.996E-05 9.996E-05 9.996E-05 9.996E-05 0.9995 9.996E-05
9.996E-05 9.996E-05 9.996E-05 9.996E-05 0.9995 9.996E-05
9.99821E-05 0.0118823 0.837731 9.99821E-05 0.11226 0.0379264
0.0293937 0.0992835 9.99823E-05 9.99823E-05 0.179542 0.691581
0.965158 0.0344426 9.99642E-05 9.99642E-05 9.99642E-05 9.99642E-05
0.102534 0.087052 0.146483 0.110472 0.218167 0.335292
9.9964E-05 9.9964E-05 9.9964E-05 0.0298115 9.9964E-05 0.969789
0.984371 0.0152289 9.9964E-05 9.9964E-05 9.9964E-05 9.9964E-05
9.99639E-05 0.278676 9.99639E-05 0.720924 9.99639E-05 9.99639E-05
0.64404 9.9982E-05 0.0978295 0.0532487 9.9982E-05 0.204682
9.996E-05 9.996E-05 9.996E-05 0.9995 9.996E-05 9.996E-05
0.688143 0.228685 0.0758791 9.9982E-05 0.00709364 9.9982E-05
9.9964E-05 9.9964E-05 0.419099 9.9964E-05 0.580501 9.9964E-05
0.154997 9.9982E-05 0.125502 0.152525 0.566776 9.9982E-05
9.99729E-05 0.312839 0.0167338 0.670127 9.99729E-05 9.99729E-05
9.9964E-05 0.160739 9.9964E-05 0.838861 9.9964E-05 9.9964E-05
9.9973E-05 9.9973E-05 0.825396 9.9973E-05 0.0279838 0.146321
9.9982E-05 9.9982E-05 0.365506 0.0379461 0.401924 0.194424
0.764291 0.165585 0.0304654 0.00598508 0.0335731 9.9991E-05
0.0289377 9.99819E-05 0.20421 0.682193 0.0844592 9.99819E-05
0.605098 9.9964E-05 9.9964E-05 9.9964E-05 9.9964E-05 0.394503
9.996E-05 9.996E-05 0.9995 9.996E-05 9.996E-05 9.996E-05
0.0445499 0.161209 0.0611345 0.697577 0.0312839 0.00424521
9.9964E-05 0.852047 9.9964E-05 0.147554 9.9964E-05 9.9964E-05
0.358219 0.641381 9.99644E-05 9.99644E-05 9.99644E-05 9.99644E-05
0.754619 9.99639E-05 9.99639E-05 9.99639E-05 9.99639E-05 0.244981
9.9982E-05 0.0266065 0.00634537 9.9982E-05 0.800069 0.166779
9.99819E-05 0.285282 0.0521313 0.660301 0.00208543 9.99819E-05
9.99639E-05 0.244911 9.99639E-05 0.754689 9.99639E-05 9.99639E-05
9.9973E-05 9.9973E-05 0.228738 0.0611398 0.709822 9.9973E-05
0.0856413 0.913959 9.99641E-05 9.99641E-05 9.99641E-05 9.99641E-05
9.99821E-05 0.4222 9.99821E-05 0.467271 0.0176612 0.0926679
0.383254 0.00465533 0.0398005 0.0662818 0.0646324 0.441376
9.9964E-05 9.9964E-05 0.39551 9.9964E-05 9.9964E-05 0.60409
9.9964E-05 9.9964E-05 0.376606 9.9964E-05 9.9964E-05 0.622994
9.99821E-05 0.460616 9.99821E-05 0.355438 0.0947115 0.0890345
0.317658 0.298588 0.218573 9.9991E-05 0.112918 0.0521632
0.39331 9.9973E-05 9.9973E-05 0.0103302 9.9973E-05 0.59606
0.716553 0.184025 0.0514188 0.00768744 0.0402162 9.9991E-05
0.581182 9.9973E-05 0.00788379 9.9973E-05 9.9973E-05 0.410635
